0,768.1936151913452,724,"[0.058417180758925345, -2.5857524563270795, 2.0294882218758414, -0.9807439179818888, 0.9131328557261065, 2.3815699797230163, 1.1705708753678703, -0.7206661301534503, 2.8017504312505346, 2.482264596562555, -1.0355698428156332, -0.4701581312608529, 2.6368042979346913, 2.631373546354838, 0.4893043915904231, -0.7887360392284672, 2.829303983824568, 2.2449245779723546, -1.009823281671822, 0.485327332033445, -2.9426184909982878, 2.647695163956756, -0.9685793946931707, 0.8227782733338531, 2.6917351834205694, 3.1144397365879746, -0.7822105751730015, -2.4109625729126165, 2.180569026900208, -1.307599578118746, -0.10853081234982218, 3.1379528734479982, 2.5860311765791284, -0.7174343040802847, 1.8469091095174697, 2.4573264306197737, -0.7791498004436063, -0.7496909629312446, 1.4183003544762924, 2.891485911579985, -1.0360015238506923, -0.6239566462250756, 2.457597269385491, 2.3834943852750534, -1.7060052239510082, -0.527168370327508, 3.034932894070444, 1.7038118085629357, -0.6928361583797288, 1.3334030607578795, 2.994249356700625, 1.8614096910701778, -0.7788008145029623, -2.0541595190735196, 2.401147354429723, -1.3818756899419364, -0.31624245666827056, 2.8875977751668254, 2.4412407375641054, -1.7010339578463824, -0.6248397972217667, 2.740618813010121, 0.8720316710007177, -1.0817376707001463, 0.8964816561306121, 2.502480480667603, -1.5012871724399273, -0.6313758772730286, 0.9544090465786967, 2.822623718937211, 1.8788148068776438, -0.1761310984406997, -1.207104267903007, 2.5811139451667633, -2.4093896911107007, -0.6767422108914926, -2.557653309746556, 1.8837962412545233, -1.2490178146687383, -0.5691197395757058, 2.464316939578869, 0.6977647677874717, -0.851383848650461, 0.47744254529798813, 2.575832261514929, -2.091963530935906, -0.8589223873357879, 2.464046212600212, 2.4489820696383457, -1.0837098125245723, 0.17250729877186022, 2.945042039222901, 2.016150804962418, -0.7914540060873193, 1.1283369781074182, 2.781303994751606, 1.7792769414263858, -0.5749610418066528, 2.104743166512594, 2.5977982504353343, -1.3684574947954722, -0.001398556893411048, -1.1987571278239137, 2.5399339876216396, -1.3408344328057862, 0.35522749677431625, 2.8537846833017206, 2.1427070984048524, -1.2938621830156192, -0.5289033783569995, -3.061917992726145, 1.9972445201377125, -0.2662732786294519, 2.5638198885481973, 2.278436236247936, -1.6398511626026322, -0.1711319037884157, 2.12643093844082, 2.5228537894741656, -1.4922288773258212, -0.14388644923097094, 2.9476206902193773, 1.8406249930846863, -0.7609160202561601, 0.5028861525984488, 2.5672531555770894, 1.5006515953964623, -0.7536330535282068, 0.6438240781939636, 2.629833082547276, -2.9788118227975025, -0.12491906732795713, 1.301694680221646, 2.8536692529791483, -0.6801858523499141, -0.5005912970757269, 1.5858750495580045, -3.057016145090941, 2.3191948482193494, -0.5897285313223165, 2.4619798576722056, 0.8303717667049737, -0.5287631272908787, -2.160601916549065, 0, 2.7674636240263313, 0, 3.011372008490499, 0, -0.4927422811531708, 2.528640326064419, 0, 2.598001565502488, 0, -2.8366464746736937, 0, -2.585757591300547, 0, -0.4087460948989076, -1.7289003266952168, 2.6828798493340154, 2.776300979767966, -2.6733202885195877, 0, 3.056364921210479, 0, 2.98311286593147, -0.21429425845013234, 0, 2.8727973928262727, 2.862102546521063, 0, -2.6577392138676057, 0, 2.762461753281598, 0, -2.8715087848947047, 0, 2.646935650769834, -2.3963069745821763, 0, 2.2481861347428986, 1.6501873877781652, 0, 2.9560116613509044, 1.6815381257583963, 0, -2.2022465233359214, 1.600037792047594, -1.6628441355562595, -1.3030121120542888, 2.2385629214213214, 1.7599745509447038, 0, -2.0522170819644012, 1.6147466065342089, -0.6729689989453566, 1.4656071528195722, 2.321885589188912, 2.8153194469108023, -1.1015561826327522, -2.43196052209936, 2.478616504397917, -1.2129613700064115, -0.6293948326760906, 1.4473604895877505, 2.8472223581803213, 0, 3.072516333715571, 1.7597257520314085, -0.612558706689898, -1.2611249327827214, 3.058438528950065, 1.4296191371113365, -0.5621656264506686, -2.2663319342035138, 2.3963247272103807, 0.577828796139542, -0.41200956366695923, 2.5665634394402406, 1.8462028392941539, -1.0411254784664083, 0.2695232000888653, 2.39034244299072, 2.912694310700508, -0.8577933199997592, 2.229650365906796, 2.2606142494651054, -2.09362641794197, -0.44390672319256924, 1.3434583521096026, 2.7559431414546034, -2.1299476496947096, -0.3391633569777096, -2.350934119876823, 2.185622532237244, -1.288495123133779, -0.3021981240672163, 2.4737638153066337, 2.105893704666846, -1.0215888373114526, -0.20373595183805948, 2.589363678133149, -0.6175601739481037, -2.0454253504217546, 0.44925967316089743, 2.3143863238456635, -2.8975109674907893, -0.35428734083274227, -2.8548367514740574, 2.2920082589971065, -1.5099590282023423, -0.45720837522870594, -2.8046692734757896, 2.0607217533671256, -0.8464238456280716, 1.6920948688823092, 2.8156514629114713, 0.3951742837007596, -1.0307560408207892, 1.19649989875928, 2.546630909892937, 1.2760650566649445, -0.6457643271099623, 1.1756902126974331, 2.874783573316711, -2.022730843066598, -0.3033654881108567, -1.6647434353760666, 2.396652422980422, -0.6727676832172359, 1.4992614635208033, 2.7010292128038937, 1.5512121783764137, -1.2250949842102437, 0.6721333011466906, 2.3510681441092656, -1.315882442297766, -0.8397935209120186, -3.061231552990104, 2.2746584372296472, -0.9992886676677772, 0.8097656567139236, 2.793929523568413, 1.1136868813072907, -0.9175812182518793, 0.8342069291713737, 2.578205511039032, -2.744822730466024, -0.6503538544008906, 1.9203842057032734, 2.3242758364905, -1.558208274619826, -0.5124542071681998, 1.510948071205601, 2.431598347876808, -0.9601813543028208, -0.4480642137810955, 2.958793908083075, 2.3480523105545865, -1.0871930674051873, 0.9333514531874564, 3.0038663309761504, 1.9180314629265758, -0.6661698279735384, 2.354107572005081, 2.093091341273407, -1.1271088179545858, 0.39720518245296565, 3.0065777367652444, 3.010501572239663, -0.7063679176506111, 0.9332246698189806, 2.330922407643188, -1.7700404815458604, -0.10613202982383875, 1.5987138456578769, 2.621492672881351, 2.4486104441716026, -0.8099567711048927, 2.9186956305017375, 2.016167667344946, -1.8847752284495574, -0.21833788421199496, -3.0478293844788857, 1.3145622332742313, -1.2485432790954871, 0.39839776435623153, 3.0643553095600216, 2.690344964925022, -0.44497834096007605, -2.9806497945121757, 2.063303979421089, -2.014047394479866, -0.17891529446783974, -3.0077222527620235, 1.7259799413996555, -0.8164948079618979, -2.645014415377278, 2.938234790995531, 1.3150643811821237, -0.9967545220254548, 1.05564241576579, 2.3314015777829358, -1.1717691978581584, -0.6580748674121524, 2.991983112681309, 1.7551380599822726, -2.7260557612816867, -0.728787556098959, -2.3147346582133665, 2.5616145769990415, -0.405000688113401, 0.3363207242918965, 2.8634684286912457, 3.120955071257164, -0.38818138758683557, -2.9416428125252394, 1.896847245808685, -1.2724196288475513, -0.8927016069341537, 3.0353151695258855, 1.5988202768050697, -1.5487746389953974, 0.006458512670911612, -2.9644778858550564, 2.151734293641207, -1.0993164242573576, 0.011357468035532097, 2.9203683583331066, 1.0009511897837167, -0.4979383039491296, 2.8539652030071934, 2.9118629244761878, 1.055927096149092, -0.8154116219732164, 1.3629010146500284, 2.7172577793683836, -0.671772925829215, -0.06258917548778264, -2.850746379057897, 2.3134521612232146, -1.0142650602106493, 0.18550026348363588, 2.6639312049747215, 0.9066885871424483, -1.0022683234706982, 2.1805092515728397, 2.292596129416034, -2.2527519773650053, -0.18767458802679193, 2.7604554400643573, 2.651095771103455, -1.3036797290271382, -0.18370898987373768, 2.923082737512527, 0.22273636409213246, -0.6768583222168381, 1.710965253677341, 2.671459804963815, -1.2396311828952649, 0.028283619280891494, -3.0199721642907296, 2.214125483627727, -1.3512009791636572, -0.5277056399163685, -2.641037568912774, 2.2853971704214895, 2.8428749379290132, -0.3033613150493017, -2.6005539262295154, 1.648446436863894, -1.6851765700730705, 0.31936417580719206, 2.831719789822534, 1.6372997076182667, -0.6051292990162203, 2.0630587421981432, 2.3520187255660105, -1.8793261061412767, -0.416723119359206, -3.02503013839579, 2.2148398168395893, -0.9321837916725885, 0.9073516078815992, 2.509387749763234, -1.9893436227154198, -0.6329754200466264, 2.002708765401497, 2.630469675162221, -0.027619999287091003, -0.7946133585986411, 1.8733248996289755, 2.3633056378976223, -1.161884335953333, -0.591758896113874, -2.1868850235237853, 2.0776442368680175, -1.2105208735386428, 1.05695299563612, 2.7605628874291477, 0.8283744125888457, -0.7580102395212901, 2.7621328404342047, 2.4061127851660573, -1.8831458319171068, -0.10596811918444234, 2.942732893637077, 1.9423431775400666, -0.9367221444669503, 0.8972628969170741, 2.8223565131014605, 0.19490172870171893, -0.39214530918317014, 0.9678916877993342, 2.910802143895695, 0.2504381570768341, -0.507441275642428, 2.0378387561585076, 2.7993058326488476, -0.6467513998312808, -0.7867997770975562, 3.127787914048089, 2.3573955647515, -0.5496455405676326, 0.22258906903262254, 2.3454894036641805, 2.528949073252013, -0.5040640451011452, 3.0146000864919764, 1.4505057444677805, -2.872339227761691, -0.9388237005780057, 2.3662100474495023, 0.2719997979513287, -1.2277395756762353, 0.5900092721971961, 2.526617820608865, 2.8265119454764425, -0.6339125330673306, -1.5201761831182379, 2.702899285736567, 0.43841156612436677, -0.31520285574826945, 3.0184458847491387, 0.8691462487454833, -2.1849757849231173, -0.21081677518071537, 3.0240757165266983, 0.9930428446341838, -0.6089552273533402, 3.0046779715726575, 2.2689649773533813, -0.6165274302010075, -0.6698594779710052, 2.8422480055512414, 1.6353746943610339, -1.085206372739907, 0.7129196477521438, 3.1069884258735794, 1.9569900925870474, -1.0045550944135146, 1.0557211128736008, 3.1394665073781787, 2.3091291704486405, -0.5054599175698187, 1.6318382062811994, 2.8701566566527585, 1.3896625781325724, -0.693929545210931, -2.485867135209447, 2.3037529000624644, -0.7030183726010917, 0.235690721048506, -3.031844351406055, 2.169755910450087, -1.1416410254769487, 0.31375054440836514, 2.3638380911064867, -0.3066589972958908, -0.36305633400409193, 3.0564061361421944, 1.6968398035199381, -1.5451928374128783, 0.8277948829336956, 2.625041977394409, 2.555263356867787, -0.9140147731342162, 1.241186520499571, 2.4532583506327823, 3.1394426138783955, -0.1331147380164182, -2.716459945998164, 2.785902137354299, -2.282140581757049, -0.17593377184053108, -2.9218223026309964, 2.4884890950562046, -1.6971545025331831, 0.25741604400263396, -2.8860842017426567, 1.9831211584971877, -0.8959656293351047, 0.43924893870779763, 2.583846695873029, -1.7388137823449983, -0.4976811815171252, 3.120494656435465, 2.639296767712463, -0.9693141600931757, -0.2183991644767284, -2.874450616899975, 1.7182616870544871, -0.49536164338313665, 1.5462653947978504, 2.5578420799370787, -1.108780861617158, -0.8758372069328967, 2.6968645582876634, 2.246173944455891, -0.18812269752679261, -0.5074098331748971, 2.4580840130102444, 2.0420192266133226, -1.0506221564086808, 1.348409356723775, -2.7730609747360115, 0.5661870487803913, 0.00739329763671128, -1.8752775179587529, 2.25506638439779, -1.4485072142577455, -0.36654184453959116, -2.8054077525496934, 2.964939747348422, -1.5366612222866587, 0.18060565027200642, 2.492031470529874, 2.361994069295503, -0.7337965598546962, 1.2695549235945973, 2.8170452627627545, 0.8772716513104467, -0.7630126631477793, 2.194413990484435, 2.559276158204839, 3.0204460082931615, -0.4391398480921612, -2.2872016385119895, 2.6354531148524094, 1.5339148271988394, -0.5886321005559393, -2.2993325947483125, 2.687933694848429, -1.1557922030460637, 0.42853146519208196, 2.294110584104715, -2.0637059198397574, -0.5831949304788286, 2.5999860519990854, 2.2675356563239775, -0.3744674210583237, -0.6303037052009249, 2.98827248328425, 1.5433181788772221, -1.2113412984116767, -0.07619702017510668, 2.6117793184965326, 2.389726122426401, -0.5896048424198722, 2.1110244780194636, 2.545032834672091, -0.0820652246954018, -0.6583542421364308, 2.497334088648705, 2.056063659938468, -1.958763984898713, -0.3727230562479607, 3.116859095123966, 2.0085402132526218, -1.249118616865223, 0.13239177259080714, 2.8190243240775157, 1.8214062026493074, -0.6156271175085215, -2.727093022190254, 2.841930776206437, 2.3634573330032427, -0.4169822412072702, 2.8794854625990904, 1.268890021388173, -1.0206643263846966, -0.055095853026292274, 2.158708555474817, -2.035503628127735, -0.9743475435377071, 0.4271549085431405, 2.325731768816856, -1.7239012944826795, -0.9007523202532344, 1.096109193350594, 2.4282513159735917, -0.8406256528835927, -0.8907351412508555, 1.842188222909098, 2.6221778695672944, -1.4674715569534156, 0.20364647109075262, 3.1085714677204326, 2.3033365484017367, -0.9080474605405469, 0, -0.4471520320822013, -0.6638637730720197, 2.7594345315371274, 2.2461648443664677, -1.4276030251308252, 0.17362873277762855, 2.8947150739793135, 2.260096193720288, -1.1386524652459313, 0.10573874181720375, 2.8481410009894477, 2.0070723089012747, -0.48075668619966555, 1.5913880415125987, 2.7300271666957716, 1.0273010926783326, -0.8184810418331163, -2.824532298036235, 2.0349069251764664, -1.4359155006558222, -0.20447179512985678, -2.8520471596735884, 1.785951895530031, -0.8097754530176925, -2.876218476929442, 2.622480058497876, -2.356449245911575, -0.4607211304850239, -3.116725312724906, 2.3965180610833587, -1.874960688351532, 0.17169385678776264, 2.3518295249560643, -1.1337882045022976, -0.8776150364723497, 1.1312840944978777, 2.7435094079260414, -2.2093859662350055, -0.7514725289044617, -2.769696886111672, 2.033704290065402, -3.0479714481178535, -0.700720273055901, 0.06711687897058141, 2.558250288788353, -1.3202685985095601, -0.7760053718564218, 2.6752767126967893, 1.6085676226043855, -1.4618486523600451, 0.10447722574470812, 2.5563778989049926, 1.2038479044323458, -0.5637345208664948, 2.601936301109591, 2.3732202845595745, -1.3348766660689892, 0.06421777029922666, 3.0354069633097582, 2.60667356131967, -0.8792563939567724, 2.2021433211725423, -2.505853409419496, -2.6748415811061435, 3.0448473352788983, -0.6398471378701511, 0.8383582588577839, -2.764467142302109, 3.027383484446667, 0.9379722928994578, 0.2869530782285429, -2.3595158042085163]","[180, 181, 182, 183, 184, 185, 186, 187, 188, 189, 190, 191, 192, 193, 194, 195, 196, 197, 198, 199, 200, 201, 202, 203, 204, 205, 206, 207, 208, 209, 210, 211, 212, 213, 214, 215, 216, 217, 218, 219, 220, 221, 222, 223, 224, 225, 226, 227, 228, 229, 230, 231, 232, 233, 234, 235, 236, 237, 238, 239, 240, 241, 242, 243, 244, 245, 246, 247, 248, 249, 250, 251, 252, 253, 254, 255, 256, 257, 258, 259, 260, 261, 262, 263, 264, 265, 266, 267, 268, 269, 270, 271, 272, 273, 274, 275, 276, 277, 278, 279, 280, 281, 282, 283, 284, 285, 286, 287, 288, 289, 290, 291, 292, 293, 294, 295, 296, 297, 298, 299, 300, 301, 302, 303, 304, 305, 306, 307, 308, 309, 310, 311, 312, 313, 314, 315, 316, 317, 318, 319, 320, 321, 322, 323, 324, 327, 328, 331, 332, 334, 335, 336, 338, 339, 342, 343, 346, 347, 350, 351, 352, 353, 354, 355, 357, 358, 360, 361, 362, 364, 365, 366, 368, 369, 372, 373, 376, 377, 379, 380, 381, 383, 384, 385, 387, 388, 389, 391, 392, 393, 394, 395, 396, 397, 399, 400, 401, 402, 403, 404, 405, 406, 407, 408, 409, 410, 411, 412, 414, 415, 416, 417, 418, 419, 420, 421, 422, 423, 424, 425, 426, 427, 428, 429, 430, 431, 432, 433, 434, 435, 436, 437, 438, 439, 440, 441, 442, 443, 444, 445, 446, 447, 448, 449, 450, 451, 452, 453, 454, 455, 456, 457, 458, 459, 460, 461, 462, 463, 464, 465, 466, 467, 468, 469, 470, 471, 472, 473, 474, 475, 476, 477, 478, 479, 480, 481, 482, 483, 484, 485, 486, 487, 488, 489, 490, 491, 492, 493, 494, 495, 496, 497, 498, 499, 500, 501, 502, 503, 504, 505, 506, 507, 508, 509, 510, 511, 512, 513, 514, 515, 516, 517, 518, 519, 520, 521, 522, 523, 524, 525, 526, 527, 528, 529, 530, 531, 532, 533, 534, 535, 536, 537, 538, 539, 540, 541, 542, 543, 544, 545, 546, 547, 548, 549, 550, 551, 552, 553, 554, 555, 556, 557, 558, 559, 560, 561, 562, 563, 564, 565, 566, 567, 568, 569, 570, 571, 572, 573, 574, 575, 576, 577, 578, 579, 580, 581, 582, 583, 584, 585, 586, 587, 588, 589, 590, 591, 592, 593, 594, 595, 596, 597, 598, 599, 600, 601, 602, 603, 604, 605, 606, 607, 608, 609, 610, 611, 612, 613, 614, 615, 616, 617, 618, 619, 620, 621, 622, 623, 624, 625, 626, 627, 628, 629, 630, 631, 632, 633, 634, 635, 636, 637, 638, 639, 640, 641, 642, 643, 644, 645, 646, 647, 648, 649, 650, 651, 652, 653, 654, 655, 656, 657, 658, 659, 660, 661, 662, 663, 664, 665, 666, 667, 668, 669, 670, 671, 672, 673, 674, 675, 676, 677, 678, 679, 680, 681, 682, 683, 684, 685, 686, 687, 688, 689, 690, 691, 692, 693, 694, 695, 696, 697, 698, 699, 700, 701, 702, 703, 704, 705, 706, 707, 708, 709, 710, 711, 712, 713, 714, 715, 716, 717, 718, 719, 720, 721, 722, 723, 724, 725, 726, 727, 728, 729, 730, 731, 732, 733, 734, 735, 736, 737, 738, 739, 740, 741, 742, 743, 744, 745, 746, 747, 748, 749, 750, 751, 752, 753, 754, 755, 756, 757, 758, 759, 760, 761, 762, 763, 764, 765, 766, 767, 768, 769, 770, 771, 772, 773, 774, 775, 776, 777, 778, 779, 780, 781, 782, 783, 784, 785, 786, 787, 788, 789, 790, 791, 792, 793, 794, 795, 796, 797, 798, 799, 800, 801, 802, 803, 804, 805, 806, 807, 808, 809, 810, 811, 812, 813, 814, 815, 816, 817, 818, 819, 820, 821, 822, 823, 824, 825, 826, 827, 828, 829, 830, 831, 832, 833, 834, 835, 836, 837, 838, 839, 840, 841, 842, 843, 844, 845, 846, 847, 848, 849, 850, 851, 852, 853, 854, 855, 856, 857, 859, 860, 861, 862, 863, 864, 865, 866, 867, 868, 869, 870, 871, 872, 873, 874, 875, 876, 877, 878, 879, 880, 881, 882, 883, 884, 885, 886, 887, 888, 889, 890, 891, 892, 893, 894, 895, 896, 897, 898, 899, 900, 901, 902, 903, 904, 905, 906, 907, 908, 909, 910, 911, 912, 913, 914, 915, 916, 917, 918, 919, 920, 921, 922, 923, 924, 925, 926, 927, 928, 929, 930]"
2,214.88259121889982,355,"[-1.3314713296909446, -2.21764978932905, 1.0251293637391385, -1.2264535689661047, -2.993775721604993, 2.197056351862191, 0.3923964521873988, -0.6231960398984994, 0.32940913995361204, 1.9568797627731258, 2.0123390569360353, 0.488997184578644, 2.0208460554469134, 0.412958194593654, 2.6036664829881384, 0.9719964039031693, 0.48476048774042413, -3.010071266181548, -0.5049344185847879, -0.5428927881797377, 2.9826865584777953, -2.203995519683821, 0.12132699588034822, -2.0892389457698255, 2.2835144475354436, -1.4892659291829429, -0.25296016456376597, -2.1593997264256948, -1.120957241621312, 1.4597810163362153, -1.1993978510325827, 3.1045775718915043, 1.8244209864662044, -1.6665077773043, -2.341530482230041, -1.3365278885995568, -0.19771081148446168, -2.1827632872575236, 2.3497998586939106, -2.7840530506581778, -2.045541961662866, -0.8074044225504597, 1.4760613272744685, 1.9432384607665085, -1.4007283658849645, -0.7580729817004354, 1.9072257097453598, 0.34141303534610973, -1.0406297008938699, 2.9715839176379677, 2.692078416416284, -1.7701890983131927, -0.039121618705450015, 2.5515740635943884, 1.0449765941587266, -2.7055874330022234, -1.2835498027457075, -3.1196677164749906, 0.5110561811084869, -2.157031144467053, 0.39432091061887314, 1.3066390732018476, -1.7067086394783852, -0.30591204159286906, 0.8724434668551077, 2.7855780992673154, 2.0560148841500028, 0.3405609174320209, 1.6703166067831305, 2.029973404750624, 1.016904747965603, -0.13568182989120825, 1.405166308054754, 1.8873310427048855, 0.7040789907849906, -0.6834360789695745, -2.1526820122704198, 1.1145316541827153, -1.3142505718406816, 0.9355677925655045, 0.24752487224587924, -1.8178707581340967, -1.949600508435466, -0.4086074270813647, 2.5558317032210853, -1.7453670029541335, -0.38594572993561954, -1.8038728222323377, 2.9126978859798838, 0.23196496426255386, 0.48215225311800525, -2.6314955265307973, -2.8239539051937768, -2.1234595443148803, -2.6664312779307573, 3.033874208691815, -1.8256859509015042, -0.05871432834193704, -1.615065010977151, 0.4821718040373237, 1.2725020257864224, 2.948305970092304, -1.610647924503788, 2.5892321896744814, -0.4855557981923121, 1.6225851682015613, -1.7447924776023267, 2.055504206800598, 2.722817040034703, -0.3719289550588369, 0.7703623697472041, 1.7601908184174895, -1.0947880635725904, 0.2878699150460814, 1.4620255518352983, -1.1434982081596938, 0.4601113790704838, -1.1495061564878748, 1.8156151787393424, 1.4541653883011822, 0.7585774716919772, -2.7519308968802716, 1.2884041615270108, -1.1643812196278929, -1.1403900506885654, 2.6251359488035044, -2.6290059555612317, 1.164944208916414, 0.5761384961998063, 2.424193503946783, -2.61616488847422, -0.20298859474806918, 0.7439415213472977, 2.242367254705346, -0.05973524466629951, -0.3276940429542687, -2.8441599242192837, 1.6199175953032239, -0.16428080285873173, -0.4460890562642406, -2.695366513209726, 1.2757781771139451, -0.5853024070983698, -1.8457241318548208, 0.8141939512560068, 1.825766578838075, -0.9037436367059789, -2.8258268404621942, 1.8453283730558532, 2.849330637773024, -1.9020298746428048, 2.002468032768702, 1.9569081298106452, 0.31112063379568433, 2.565359165495282, 2.411998060014938, -3.053773113507995, -0.6444907689700784, -1.2622334273121143, 2.6208343348328187, 2.66086484742646, 0.5405497419145615, 0.5827535199182755, 2.20495604637655, -2.755014001241865, 1.844632808506271, 0.2162068308743803, 1.7181838300094865, -1.0582850871005673, -0.6760915088124556, -1.8142084413315032, 2.2436762733660727, -1.5891985517229832, 1.4638870812068183, -1.2434162988905897, -2.501295733692878, -0.9987931087990533, 1.6744747610851798, 2.1124954383940073, -2.052116427577698, 1.8592987410858233, -2.150512322108586, 1.6691021855821213, -1.3282211166112936, -1.4015145732329228, 2.0535851292274527, -0.8422921321028184, -1.0586675368402174, 1.3525089887301185, 2.881346891033673, 1.4379128950962599, -0.8077492674438168, 1.8392075647039048, -2.400131205568297, -0.8290195261074922, -1.1995387945941451, 1.7067741176880353, -2.6195336955801594, -2.8923360201219634, 0.16925652944067343, -1.467944013461037, 1.511162153109727, -1.6587223049486548, 1.2876633810815106, 0.10334430917879259, 1.6998801364845335, -0.5145233910050465, 1.3902948640686148, 2.554764782356777, 2.09338982101105, -0.2781400666084613, -2.7420466468376428, 1.9476121465873142, -0.6239476935501085, 0.7962591495079213, -1.8633804342401374, 2.0406053679096816, 0.25634524785631363, 0.9008420028176523, 2.3730330767219376, -2.9294626079766384, -0.2704171013948808, 1.8288538282453481, 1.3401527617702593, 0.8946650374674672, 0.3437385424150535, -0.45863379417170896, -2.3092039671728326, 1.3390953400226249, -0.5416256202996366, -0.39704679546057126, 2.8392115700275515, -0.9129490313307246, 0.39567741878132073, 3.0877196306169528, 2.8777979444880355, -1.378655738419854, -2.5140988161827433, 3.1298383776967027, 2.8607901839742533, -0.8263329835218806, -1.9440309782461256, 2.6867285693291514, -0.468150961012871, 0.8106738264298999, 0.1297999033935037, 3.0387100500784694, -2.305196774022258, -1.5664123418389655, 1.655276735607233, 1.2049719619262216, -0.27655227715727215, 0.27815052153246844, -3.0243199603674826, -1.8280015762946182, -0.811110751573526, 2.291893754527801, 2.258276971816865, -1.223152579248825, 1.6649457701060832, -3.032977416179546, 1.9319999836778292, -2.4422014131060097, 0.22864177312052553, -0.17812354173731537, 2.7320673005810296, -1.5256058386452307, 0.7466795584865169, -2.5962071478749102, 2.1651831326226376, 2.4128468874523996, 0.3495748528415995, -2.7595039435426227, -2.6943113385910546, -1.9565717764286377, 2.6816215435994737, 0.8227933504443186, -1.4628913323433457, -0.3970803554831491, -0.9889138084076458, -2.1012520013470266, -1.3949810237492073, 2.092104718047904, -1.794191659753382, -1.663696660843286, -2.074933447457396, 0.7677345922107469, 0.5455874608193082, -3.0192900056246383, 1.3406425965405124, 1.1112124871552163, -2.879817795923227, -2.0763005029778534, 0.6920321436518814, -1.0337411331145807, 2.4143011652018287, 2.5942493590803806, 0.2921904597352784, -1.3038765736897737, -1.661949943265732, -0.6932929511994494, 1.273211597128683, 2.302967608169628, 2.6258420961191344, -1.4758061874321304, 2.6054213378703572, 1.511571883531505, -1.5325955278081798, 1.9718643391932738, -3.0874294724389877, 1.0191286476048673, -0.5515775607516399, 1.5629958113474784, 0.9381428396464356, -2.2322252440303836, -2.678501479901148, 2.254031241839555, 2.6072099108758704, -1.9654484228240288, -0.5930417250945804, 2.992298232281534, 1.5397903816314062, -1.3765611255602277, 1.9027771616226872, 1.7839319198817514, 1.03154467688938, 2.204628194330618, 0.24904537311802288, 2.2113535126843877, -0.8160492105468489, -0.4546351573925741, 1.8549380400186979, 1.637343231064025, -0.9767518580734247, 0, 0.046766129896954445, 0, 0, 1.0093846623208402, -0.48995870549739023, 0, 1.0374031525144938, -0.05757418823612343, 2.7785199566326746, 0, 0, 0, 1.7357845383414685, 1.4458134626954144, -2.2655801087198597, 0, 2.298932476858304, 0, -2.0401212835891607, 0]","[180, 181, 182, 183, 184, 185, 186, 187, 188, 189, 190, 191, 192, 193, 194, 195, 196, 197, 198, 199, 200, 201, 202, 203, 204, 205, 206, 207, 208, 209, 210, 211, 212, 213, 214, 215, 216, 217, 218, 219, 220, 221, 222, 223, 224, 225, 226, 227, 228, 229, 230, 231, 232, 233, 234, 235, 236, 237, 238, 239, 240, 241, 242, 243, 244, 245, 246, 247, 248, 249, 250, 251, 252, 253, 254, 255, 256, 257, 258, 259, 260, 261, 262, 263, 264, 265, 266, 267, 268, 269, 270, 271, 272, 273, 274, 275, 276, 277, 278, 279, 280, 281, 282, 283, 284, 285, 286, 287, 288, 289, 290, 291, 292, 293, 294, 295, 296, 297, 298, 299, 300, 301, 302, 303, 304, 305, 306, 307, 308, 309, 310, 311, 312, 313, 314, 315, 316, 317, 318, 319, 320, 321, 322, 323, 324, 325, 326, 327, 328, 329, 330, 331, 332, 333, 334, 335, 336, 337, 338, 339, 340, 341, 342, 343, 344, 345, 346, 347, 348, 349, 350, 351, 352, 353, 354, 355, 356, 357, 358, 359, 360, 361, 362, 363, 364, 365, 366, 367, 368, 369, 370, 371, 372, 373, 374, 375, 376, 377, 378, 379, 380, 381, 382, 383, 384, 385, 386, 387, 388, 389, 390, 391, 392, 393, 394, 395, 396, 397, 398, 399, 400, 401, 402, 403, 404, 405, 406, 407, 408, 409, 410, 411, 412, 413, 414, 415, 416, 417, 418, 419, 420, 421, 422, 423, 424, 425, 426, 427, 428, 429, 430, 431, 432, 433, 434, 435, 436, 437, 438, 439, 440, 441, 442, 443, 444, 445, 446, 447, 448, 449, 450, 451, 452, 453, 454, 455, 456, 457, 458, 459, 460, 461, 462, 463, 464, 465, 466, 467, 468, 469, 470, 471, 472, 473, 474, 475, 476, 477, 478, 479, 480, 481, 482, 483, 484, 485, 486, 487, 488, 489, 490, 491, 492, 493, 494, 495, 496, 497, 498, 499, 500, 501, 502, 503, 504, 505, 506, 507, 508, 509, 510, 511, 512, 513, 514, 516, 517, 521, 524, 525, 526, 528, 529, 530, 531, 536, 539, 544, 545, 546, 547, 550, 551, 554, 555]"
3,606.3633064773503,386,"[0.08826885635926424, -2.8691110853145116, 2.414367234451676, -0.029601918623079225, 0.17887498650819222, 2.885596656068783, -0.10525885864739465, -0.37448948209722566, 1.3291284048535912, 2.7708398346796206, -0.7766516725370989, -0.16827545775549144, 2.49593007332228, 2.4645412699736577, -0.9661278781417839, -0.31251847215176226, 2.94974660755181, 2.7314028011935734, 0.14216650094125144, 0.3791291851623957, -2.4885880222270274, 2.1835220990827096, -0.4152495281673085, 0.16139240334335017, 2.7283049711807696, -1.163142324811777, -0.3523314774365012, 2.1501226678951895, 2.6543031906129135, -1.044068832851792, -0.09941039722738715, 2.754690785248519, 1.4730961159608011, -0.3433848234172635, 0.3784622935563998, 2.7028102930169124, 2.7030556184298193, -0.1852332468506291, 0.5037414064186202, 2.8777916135374717, 0.7808464490155175, -0.5338354246203951, 2.8297559174363545, 2.4918312433679795, -1.8124726390145824, 0.22770020807943228, -2.860651702013986, 1.2952410446203626, -0.611089241076268, 1.332812094032344, 2.984769802104355, 1.292713812365283, -0.3747990835351079, 0.01735576080093036, 2.539780637493015, -0.1495078708813573, -0.7156094912314385, -2.7496646554131083, 2.394715042762489, -2.468927081662098, -0.16922519892149193, 2.763579287601616, -1.9019595127476923, -0.43981977660890864, 0.8381676887373459, 2.5575925828135224, 1.8138293575552462, -0.5779393797238603, -0.6399181059685582, 2.5889813964814072, 0.3939487874896289, -0.20385367270454063, 1.6131293527145576, 2.7864026381925333, -2.1550663056849686, 0.024103761420992093, -2.9129259680196857, 2.4217626408808153, -1.3771422625128253, -0.05784569861669957, 2.901128470842726, 2.279497528579099, -0.5382396506600924, 0.1980865269283576, 2.6065392163520715, -2.3989681039650055, -0.6141371128305675, -2.4020459745180376, 2.1579401468611237, -0.8705649689766622, 0.3036619687896729, -2.662438766358778, 2.2583848654697602, -0.542552560133208, 0.1920819968217542, 2.877260841262175, 0.9183174217166433, -0.3846825463431249, -0.603112544271586, 3.0207708691596964, 0.6184479284291838, -0.10758146909147714, 0.37498939836637185, 2.9015152463684775, -1.1203002774839408, -0.18522607545380235, -2.565147752907442, 2.4197421838646185, -1.1049912093486136, 0.483882035232856, 3.1029479954074053, 1.9110913571649746, -0.8197175007306943, 0.6901266006109071, 2.8555942708282105, -3.1183411939854238, 0.13026510317653303, 2.7372841113162196, 2.3797126654132543, -1.60036863043667, 0.16094790226271127, -2.9721650140382674, 0.8310108411508578, -0.4320246781176946, -0.28144348189167495, 2.9204695657891913, 0.9828966906943931, -0.3361825278934286, 2.1827980956047295, 2.8605277222632495, -2.449390243248449, -0.42072999447849474, -2.2299270765715637, 2.6304662511844774, -0.7544876439746948, -0.3700978452423852, -0.5066200888589099, 2.647475887914984, 1.0113189567791008, 0.06105675292699576, 2.9284234890227214, 1.104515347274601, -0.666231933319584, 1.200744795127984, 2.990762468964076, 1.7865139186543713, -0.38590192609270085, 2.988818926035787, 2.0205261294289065, -0.009109175861196828, -0.07494953853122484, -3.101810370531406, 1.113134740285806, -0.5548363281944614, -2.7995247158527894, 2.9803392962362203, -2.2499514200662247, -0.42106228362711484, -2.509666104792234, 2.977289947927, -0.5315806912683383, -0.30600596603910823, -0.6165659276686908, 2.8631583540070795, -1.3427010575727114, -0.12200192525413135, -3.059948493927402, 1.795226272858043, -2.1821487334430336, -0.3040314533881496, -2.6800749663402694, 1.651496491891335, -0.7080357925006215, 1.3779798405016546, 2.653757878065347, 2.735864807585253, -0.49835546418357907, 0.26275373595316187, 2.7141412541928087, -1.2586796281212946, 0.07483587463660499, 2.6660544818972984, 2.140798433021834, -0.7923052474934204, 0.16636552509920485, -3.1128897905593425, 1.2024687237618825, -0.7268713711739542, 0.8372130326020449, 2.8892268642471515, 0.7792267175208639, -0.5988462716056795, -2.081149241947844, 2.7199015294867444, 1.7614707489949604, -0.6213947890308154, -0.12076413924094223, 2.9107424880189896, -1.0844036144589642, 0.0201680794404657, 1.7697035645800563, 2.6231284675073296, -1.2785979967406538, 0.2646006017732156, 2.9188543642875455, 2.4104576028125235, -0.5460684877585615, 1.074761048083349, 2.811120843724359, 0.9276901472487656, -0.46841837270249514, 2.7499329978872185, 1.8875032289020288, -1.5011410114344415, -0.39849204286191137, 0.5045477531170439, 2.7036805372243053, -0.7563121950519286, 0.8108530352310938, -3.1082145794758467, -1.9877341350664923, -0.25423847652895654, 0.16389230344003414, 2.7427447082039897, -0.8575595629434067, -0.6445602776493765, 1.7041499834419824, 2.623839762592519, 1.0833695799225393, -0.5159256633451714, 2.9970758433488225, 2.5487936122034425, -0.5397040583210642, 0.36263624121887883, 2.914646134895882, 2.2083911744860325, -0.43323143027662114, 0.03185088080500247, 2.6138668202089197, 1.7155769547678985, -0.32509740286015554, 0.6039338407165776, 2.9330195874838165, -0.5531207422620787, 0.1500243055325712, -2.765418944370442, 2.3321106999031067, -0.47887436949953566, -0.1846240443505056, 2.8322043392892358, 1.2940841908245158, -0.37706649895448846, -1.05005310844194, 2.8692331852272686, 1.1661842638885762, -0.12056248964864798, -0.19134158851536961, 2.810710245043087, -0.8970464672105398, 0.01579430841341874, -2.0423243289156616, 2.4028743965275976, -0.7043302411414204, 0.35537205798104105, -2.655541260498628, 2.4044239178716587, -0.9885153912352261, 0.23184623660508533, 3.0447575719785482, 2.6231552115325867, -0.8330168918561481, -0.30468372425359025, 2.2989845123539854, 2.3511437225639304, -0.6107817389308358, -3.0518387800607747, 1.7793585850795106, -1.8554028378084895, -0.01698498081487849, 2.974805983658432, 1.1296964084261378, -0.4603187276848618, 1.2356103794474207, 2.929438829892571, 0.08339245566635402, -0.5466697246667989, 0.15519342475639467, 2.991048475157385, 1.6461824617420204, -0.03232804055898738, 2.111968163871651, 2.6712333115679128, -1.1918044947153408, -0.4152327986304422, 3.1145471740643997, 2.5878569414468635, -0.41881795718250797, 0.09154792094313692, 3.039262794400785, 2.611522211603697, -0.3470463135657859, 0.5891453817581418, 2.9070654647863647, 1.0248800509306586, -0.41131919011375506, 2.9599470226069844, 2.232466085939264, -0.9136631483097306, 0.33073512226674645, 2.9278989426408364, 1.6448037254600363, -0.4261919446823255, -0.002259629834231928, 2.840492385439582, 1.835946951418003, -0.4555720276418333, -0.47454039644419377, 2.745685218555253, -0.9442275193958042, -0.12181673105628729, -2.8421861253525162, 2.810679394284078, -0.3690759743982957, 0.11620088485372343, 2.800624466532991, 0.9533462848831518, -0.5328232530676348, 0.38336177803648586, 2.8577119512819036, -2.334774616366611, -0.18002097636912617, 2.564553259136875, 1.6588656937323363, -0.603386023634535, 1.0161126578391184, -3.0565976552616774, 1.7749286793756833, -0.5575208972408034, 0.3368840347330639, 2.9600259176932906, 0, 0.24959595506642795, 3.116543895514163, 1.6136492134654925, -0.35514823488872965, -2.8187675529539775, 2.894928125795267, -0.8010244207435545, -0.11481899046476313, 2.8849560926888107, 1.7028580326266842, -0.8759641544800313, 0.449563800770934, 2.9795043298107973, 0, 2.9614524243852225, 0, -0.02468871608347605, -3.112351333888252, 1.8747170379704845, 0, -3.022828184912131, 0, 2.7807312137463227, 0, -3.008304835201785, 2.238107687820283, -0.39642896572775704, -2.4790558114936907, -3.1345971849785434, 0, 1.932103133939666, 0, -0.017168719798950238, -3.0699154033032614, 2.084042353374882, -2.8609194249379986, 0.03711120482862534, 3.0317201445196424, 1.1840881598655595, -1.2773426136257613, 0, 0, -2.4579773413954817, 0, 0]","[180, 181, 182, 183, 184, 185, 186, 187, 188, 189, 190, 191, 192, 193, 194, 195, 196, 197, 198, 199, 200, 201, 202, 203, 204, 205, 206, 207, 208, 209, 210, 211, 212, 213, 214, 215, 216, 217, 218, 219, 220, 221, 222, 223, 224, 225, 226, 227, 228, 229, 230, 231, 232, 233, 234, 235, 236, 237, 238, 239, 240, 241, 242, 243, 244, 245, 246, 247, 248, 249, 250, 251, 252, 253, 254, 255, 256, 257, 258, 259, 260, 261, 262, 263, 264, 265, 266, 267, 268, 269, 270, 271, 272, 273, 274, 275, 276, 277, 278, 279, 280, 281, 282, 283, 284, 285, 286, 287, 288, 289, 290, 291, 292, 293, 294, 295, 296, 297, 298, 299, 300, 301, 302, 303, 304, 305, 306, 307, 308, 309, 310, 311, 312, 313, 314, 315, 316, 317, 318, 319, 320, 321, 322, 323, 324, 325, 326, 327, 328, 329, 330, 331, 332, 333, 334, 335, 336, 337, 338, 339, 340, 341, 342, 343, 344, 345, 346, 347, 348, 349, 350, 351, 352, 353, 354, 355, 356, 357, 358, 359, 360, 361, 362, 363, 364, 365, 366, 367, 368, 369, 370, 371, 372, 373, 374, 375, 376, 377, 378, 379, 380, 381, 382, 383, 384, 385, 386, 387, 388, 389, 390, 391, 392, 393, 394, 395, 396, 397, 398, 399, 400, 401, 402, 403, 404, 405, 406, 407, 408, 409, 410, 411, 412, 413, 414, 415, 416, 417, 418, 419, 420, 421, 422, 423, 424, 425, 426, 427, 428, 429, 430, 431, 432, 433, 434, 435, 436, 437, 438, 439, 440, 441, 442, 443, 444, 445, 446, 447, 448, 449, 450, 451, 452, 453, 454, 455, 456, 457, 458, 459, 460, 461, 462, 463, 464, 465, 466, 467, 468, 469, 470, 471, 472, 473, 474, 475, 476, 477, 478, 479, 480, 481, 482, 483, 484, 485, 486, 487, 488, 489, 490, 491, 492, 493, 494, 495, 496, 497, 498, 499, 500, 501, 502, 503, 504, 505, 506, 507, 508, 509, 510, 511, 512, 513, 514, 515, 516, 517, 518, 519, 520, 522, 523, 524, 525, 526, 527, 528, 529, 530, 531, 532, 533, 534, 535, 537, 538, 540, 541, 542, 543, 548, 549, 552, 553, 556, 557, 558, 559, 560, 561, 563, 564, 566, 567, 568, 569, 570, 571, 572, 573, 574, 579, 582, 583, 586]"
4,253.94833922007575,750,"[-2.6260804826702167, 0.5961750879324135, 0, -2.844469253770424, 0.5360511490012096, -2.640103808841228, 0.5150578927670074, -2.5314127023792152, 0.721277889201047, -0.9071173380155321, -2.9641707780500717, -0.0381384549435415, 0.6023470030628494, 0.6368794095731836, -2.581728397380431, 1.3586709364090752, 0.2505801152761229, -2.338643938985386, 0.5773938507344711, -2.7783575865418864, -1.327269138883491, 0.5728142343546929, 0.412200400415966, -2.480496069649046, 0.7144072370720133, -2.6143652612182566, 0.951838204182176, -1.5567469571658827, 2.603812690206904, -0.46879285443304003, 0.6662048226246985, -1.0912952227926438, -2.707989163664667, -2.918144042127762, 0.2678220175771692, -2.8030949757349277, 0.19878744760494005, 3.027130326898388, -3.123811806347965, -0.9453824586414348, 0.946897244879612, -1.7270765852503922, 1.1727627091593877, -2.3641581499655016, -1.2850550401465721, 0.4054256612233679, -2.7688760703744193, 0.3753513537081726, -2.8773586229205774, -2.444502960471804, -0.14580926976616007, 1.9702579835199323, 0.3198695063748099, 1.980329621088784, -2.5571655621928335, 0.5778903855550612, 2.5591984781587356, 0.8138662656556062, 0.31151129344908907, -2.7217577516153053, 0.43892213207580094, -2.6183832255642585, -2.4226701773139125, 0.7222152109572555, 0.5171961325201049, -2.553949357188183, 0.3974859128457787, 0.4597286270754904, 0.8983651610917802, -2.588222908031258, 0.9550663553969605, 0.40152158748464273, -2.4881293710550367, 0.6898895309248491, -2.4262203044361343, 0.5952210650677646, 1.4280874461917903, -2.50120923870017, 0.14150791071567306, -1.656533717673535, -0.3674590857899946, 3.0931107488323506, -2.757142770020127, -2.522003417686426, 0.6079058130890972, 0.43485340794033894, -2.711381032892551, 0.55459187423206, -2.5471174887194805, 0.9160852912522275, -2.500882155398521, 0.4703457946591544, -2.7893684164640806, 1.0433574629728224, -0.4729747109487172, 1.9573601652027917, 0.4918469769732923, -2.6000090464272327, -1.7338105482320978, 1.4620440124169436, 2.2984455649030515, 0.24564322179692016, 2.829156778000257, -2.1001797619929885, -2.8696599190799352, -2.83342835389584, 0.359731490658304, -2.6084359107725237, 1.2032127594951267, 0.608148645171711, -2.535369386495307, -2.6231763083937936, 0.8609303791062878, -1.9524964564214744, 0.5806968631694042, -2.4665319921190076, -2.996432282202453, 0.3653006429676214, -2.710857273577943, 0.5577112957027349, -2.0468364240293506, -2.769323274474194, 0.062119129962006615, 0.43936501726252736, -2.808823374317351, 0.47653105544583524, -2.8493035344552102, -2.5546839034182494, 0.2630086371864074, 0.4944141419242008, 0.39049937149548913, -2.675506330211999, 2.8032238454402685, 0.4734761913603225, -2.732522438274643, -2.2465206056372797, 1.0680872861395, 0.49198890840026355, -2.792741246725471, 0.25814545848410564, -2.8605015256092057, -0.10161112306329176, 1.1224933312454841, -2.146901429752024, 0.4767805582515727, -2.755874489025432, -1.386585539617266, -1.637091253934218, -1.438913188291797, -3.1128821823723456, -2.116571588024589, 0.5200420508949647, -2.660693234370664, 0.6822792312734474, -2.5388776429058932, 0.6398281079849022, 0.4859743562395545, -2.7771023551219503, 0.4718774726429209, -2.6417642730572855, 0.4863453082397437, -2.670434455725574, -2.469308641636415, 0.6558406939579565, -2.8774227439453233, -2.5938973041507305, 0.3864072057836872, -2.444158943475832, 0.20369327982571253, 2.416911226024416, 0.43445294865994205, -2.6564072181118576, -1.073532746256817, 2.852439633463014, 1.295966017342644, -2.5747521217298335, -0.08591196454237311, -2.6619536246910735, 2.539249488796385, 0.626898974604193, 0.41839069330840234, -2.4715466486060924, 1.1215062607742103, 0.3889231690520621, -2.7044359694351017, 0.4259481831286102, -2.726843666178046, 1.271103112640608, -0.3801087345211551, 2.696053811306611, -1.7148202000484645, 0.6137137561269028, 0.307473759806962, -0.5552494923660065, -2.797334696114425, 0.6131449383642509, -2.512406165835617, -3.014463797579842, -2.9684150428990805, -2.88446860237233, -0.27444194513936837, 1.2958358480148058, 0.5508016006726525, -0.4763389070707429, -2.9164455339467126, 0.4659329626951972, -2.5413800683656853, 2.8545958324260763, -1.0903761478649225, 2.643858317421614, -2.2409718038544884, 1.7593696508040513, 0.3273849190256353, 2.602707206925941, 0.09051480065713835, -2.794559844755534, -0.4497921736705266, 0.4870963001924598, -3.055336943969004, -2.6052974041345123, 0.4634664861288013, -2.6816460996718576, 0.3759636762571005, 0.3631549977209679, 1.9039580901040207, -2.7161498501951757, -1.898642986661158, -3.037192267273067, 0.5222918868989386, -2.7660345246353355, 0.29998199298899403, -1.519104894904816, 1.373952699899415, 0.5928973604388499, -2.5115039100147483, 0.648888363403348, 0.6624592995739618, -2.620740833395627, 0.34949509444042165, -2.69880210936115, 1.0022781485453556, -2.8661199467423417, -0.015785752096624122, -0.659095282703973, 0.5367457373285204, -2.66723571900002, 2.245608560197984, 0.4772598407546087, 1.9548431902541985, -0.21199954939766552, 0.5406115307420406, -2.7342712855708355, -2.7693511269839632, -1.2475860998405928, 0.7136942766410768, -1.673547788933269, 0.7030932259795977, -3.016360280104798, -2.677080827613061, 0.3639601941621056, -2.7926523651051185, 0.08902114027668467, -0.5103908525834523, -3.0024390530393505, 0.2030159074160143, -3.003762669862053, -0.4339448053605209, 0.5168375734636075, -2.7090360204272135, -2.0122100741151128, 1.1962028994050498, 0.35711286195327696, -3.0017640561265266, -2.5486712171537014, 2.394969747044218, -0.39326192032738166, 0.47105474412818565, -2.657111984501707, 0.5483261602053117, -2.6141333858769955, 0.2750334115346257, -2.8697991891945476, -2.461353814675403, 0.6653825155441266, 3.0772280667780607, -0.1958771274123435, 0.3528305708771531, -2.7461123743935403, 0.597002503120205, -2.539943846061844, -2.8615588883545775, 0.3432805757151745, -2.734775948198663, 0.7827628845203255, 1.7880818416370607, -2.35141774457104, 1.9375603106727988, 0.4515476598857825, -2.614545317855242, 2.701508957907415, 0.5085374399260706, -2.8318713099554342, -0.5991457654620083, 0.49610883660849087, -2.680478163805076, -2.681836891225676, 0.6184772737254691, -1.4310010160520914, 0.4886421298232487, -2.6199855046596245, 0.6556472700381449, -1.8974693290527322, -2.637748707871268, 0.35103551589906895, 3.063116790821008, 1.6752128758794156, -2.951646095625709, 0.34835834352691336, -2.6096739121687618, -2.8802388060945305, 0.4804506121837614, -1.8830209297793084, 3.0285902025430538, -2.66545094152177, -0.06248314195382032, 1.8892555044544763, -2.6011825334908005, 2.9783221199070993, -0.8571503666311417, 1.048957531544509, 0.261828719178416, -2.6972665609659994, -0.2092407581287604, 3.0045800582890063, 0.4723930836255522, -2.7616741795781428, 0.3695023869202529, -2.793282297858565, -2.656073595269199, 2.728475551294264, 0.4566939885353527, 1.0008072309539902, -1.229897112041942, -2.7988829626034053, 2.0599789050756074, -1.4802735144925436, 0.6162041557254823, -2.5953162432577477, 0.5044348751371134, -2.6063767549520374, -2.7796916988338323, 0.37947717717295143, 0.47367269569448095, -2.7247002163770206, 0.04471389039080378, 0.5156101328756515, -2.614801039040063, 0.42868348904184206, 1.0538945708848364, -2.604183402454883, -2.349620966730374, 0.9864128424490279, -2.7360277795425554, -3.022914069859676, 0.5212753697110288, -1.7545870237173604, -0.12798896693388334, -2.8282554163328286, -0.7754461953842677, 0.5992197418617806, -2.578158966996167, 0.8557972713995045, -2.5514100513697278, -0.382885663925909, 0.6446310880391635, -0.9029065237412996, 1.7429456873026516, -2.6797044702468287, 0.14050695874886127, 2.8723251760543373, 0.4733201179830366, -2.5897304959302585, 0.5254927540143253, -2.6360409157576594, 0.45845952667362044, -2.7500593696444118, 0.22411556877341418, 0.3938868943018282, 2.541950725173398, -2.6119714569296497, -2.9853678544370617, -2.286291808600483, 0.9657362851752267, -2.419495164718399, 0.72471028387549, 1.5792524921837818, -2.2585118448283583, -0.09488873232563236, 0.37765799536954453, 2.6467110482501206, -2.706720859430182, 0.42942462940406045, -2.7398724961909995, -2.723883915587866, 1.7678339251026995, 0.4530001577022476, -2.5199147802147523, 3.1100424341942667, -0.8209192280638654, -1.7371319642132943, 0.7470790150225861, 1.1188953685697036, -0.5018923178417667, -2.673458529939291, 0.5782638420177624, -2.870527532605659, 0.74670167233793, -2.1569085762598603, 0.5688729793760038, -2.602848022008578, 0.8339797300474548, -1.9152020245219483, -2.8272134737183134, -1.7417584968303113, 0.7798157605963189, 0.6361047806485542, -2.5347341437056703, 0.4978538949487125, -2.6969090670147375, -2.461347354747393, 0.015325017499324241, -2.9894073140307302, 0.38538042054379396, 0.7712214276313936, -2.537971327251473, -0.1816995920923675, 0.26925798624006575, 3.044012371089103, 1.4429998379028361, -1.4944103398559707, 1.2565511473598132, 0.44655349963196134, -2.4235817918539704, 2.774571724681839, 0.5747546889784738, -2.642702200159177, 0.38238348109566284, 1.3050621649610201, -2.551080842966718, -0.6122932769921401, -2.200687014621759, 2.3038749214055967, 1.0933491691647546, 0.2508219688257872, -2.541352208643025, 0.7313152234624319, -0.7982641017842859, -2.843564789914925, 0.4166086974304137, 2.611768751073099, -2.5016844931595226, 1.7764975020827518, 0.44176260033994225, 0.2017479319604596, 2.600383687700815, -2.575472131191073, -0.19790162998602842, -2.9773142392569443, 2.0580951075639344, -2.4200909220416356, 0.6797998039039304, -2.6764250525261937, -2.805517060367025, 0.4614933145790024, -2.6062710106427587, -2.7408235458120496, 0.3542018995001174, -2.8545584163614173, 0.32350922842892416, 2.48068298845393, -2.4024931271555445, 0.5966434136527814, -2.491669820041279, -2.5692296329402984, 0.6894911345250335, -0.717370306180431, -2.865363030787908, 0.46774727843746117, -2.508363031842459, -3.0676832630986426, 0.6944025469958602, -2.2848001302809533, -2.648800270630699, 0.3392645537893808, 0.8118275069975249, -2.3654243264073056, -2.7615336436735056, -2.4355700190514904, 0.7301946479240151, -2.4751168629104554, 0.6063296779435569, -2.047743270198511, 1.4783479404780273, 0.7504631490873109, -1.1003530731357913, -1.2998438598729554, -1.2361249397632457, 0.7391777938309655, 0.14124998265909866, 1.3968474229473886, -0.9200495300031479, 2.952957661090419, -2.6358077217335176, 0.9713352640862429, -1.071891172696162, 0.383299865974482, 3.0016025617725437, 0.3028772817193572, -2.6616803215593325, 0.6394121572624486, -2.558652850155517, 0.5780345021728365, -2.2711088755275464, -2.6436477194422703, 0.6101231658852846, -3.0932598480604403, 0.1173855006645047, 0.39825420681188917, -2.743633278560568, -2.4086809974749723, 0.6471846949875705, -2.283856791222403, 1.0145158818606008, 0.4151495513548068, -2.749613394353177, 0.4040119257458335, -2.4709555684730384, 0.701076566787765, 1.4286868211119166, -2.0951944471943604, -0.8270319890864389, 0.5196804634014405, 1.2133621433231532, -2.5657329628813623, 0.4730267617812969, -3.120169407696947, -2.516292999846257, 0.5546715401572829, -2.7759155065830834, -2.9933417862953977, 0.8110937566006603, -2.3257179235119665, 0.5180628419800334, -2.527814722317363, 3.12718657198495, -0.4930931379190484, 0.6268230551190711, 1.7062122893882616, -2.7578870846512418, 0.48588988140639205, -2.636015671553439, 0.7194382216427607, -2.7494346750243213, -0.47580627326889197, 0.490954334234863, 1.528556025740086, -1.4160492873168593, 2.395287178743947, 0.32509989783496573, 0.398417553599647, 0.5350831089857666, -2.4586895411741296, 0.9860092797013572, -2.721208295140926, -2.7698035305320947, -2.56845353171525, 1.3087964697601338, -0.4276046971170998, -3.141089426818825, -1.4942164195522962, 0.36751057822475397, -2.770292453594564, 3.059021556929357, -1.9216333567876203, 1.0475757482366803, 0.4508739456884619, -2.938304983509904, 0.5205159512543247, -2.385418882537144, 0.6236973975224895, 2.9749059968519176, -1.7842331308307127, 1.2215069418462614, -2.392243201705903, 1.0510310415303195, 1.1899599203663735, 0.18211479718246354, 1.9363599310995083, -2.4203987218081178, 0.4866838253385326, 0.43545960989443155, -3.0070556584215753, -2.342940768938079, -0.1653999729342123, -2.778913192739674, 0.4562232864470771, 2.3629018793628, -2.254779164672166, 0.058510174996930155, 2.1518398648822012, 0.31756443225474756, 3.1343558838172663, -0.8540158169404882, -3.09352582075256, 0.021172554040069146, -0.009116087944296233, -2.734574396555931, 2.826217922623867, 0.4718569915370653, -2.6918777697527654, 2.7962554551748164, 0.4266582594936197, -2.669477576720863, -0.9711721558603178, 0.8103554773248705, 0.5886496864625941, 2.565028985877495, -1.4906075776027263, -2.905561751816224, 0.4994824780700373, -2.7446384054009, -0.09430968024209259, 0.6086970116367241, -2.611567971827443, -2.736554522718518, 0.49458198255697433, -2.6006847615691426, 0.5586189575583126, -2.8924461237228134, 0.4029807843672781, -2.674183770683244, 0.3595594758265141, -3.0342444432783795, 0.4063100707380126, -2.443920667375395, 0.722982863250038, 0.3326724452990488, -2.7490517160529144, -2.663365615482104, 0.942996120477858, -1.5908029636989296, 0.6370451595978446, -1.9099930405677175, -2.7855570886768355, 1.6060252842568694, 0.4618870221819292, -2.7033707109558716, -2.539385685438863, 0.4834645473364, -2.641232565006046, 0.21389337694296603, -2.8221200628364183, -3.0255552043544034, -2.3994734868607996, 0.66455828840995, -2.7874441847962776, -0.7958088361665451, -2.27650949959719, 0.3807758454417437, 0.5492640321007355, -2.678253017358914, -1.8804369660411624, 2.177032899477432, 1.7451760695157617, -0.6963797712121463, -1.9655501114931941, 0.5747013158863302, -2.7494449645073638, -1.5426741852007206, 2.7519870420067756, 0.13174525845352253, 0.6482185382372844, -2.489927873265283, -2.3271772450927837, 0.4051759724222123, -2.7517269733914103, 0.5188107384044081, -2.5664255914285676, -2.870900581644414, 0.6958931023451225, -1.3960675040455979, -2.5307965403810107, 0.6388894447131886, -2.2196755132295585, 0.43530395359275753, -2.629791424706563, -2.682630145232162, -2.6875980305323597, -2.1319157386044485, 0.812359951752028, -2.4487020745489687, 0.5342989820573517, -2.3441372249932724, 0.5362857171069115, 0.9282390473904364, -2.603846985926818, -0.22746219846646806, 2.257290928654013, -1.5410329243156982, -2.453868797052639, 0.5616713522358838, 0.6469314372650684, -2.221610250274649, -2.662362699498663, -2.831220378750538, 0.506566866927084, -1.2003273026653436, -2.689075602459588, 0.3318407444368214, -2.848381005865506, -0.046972382364904065, -2.3665555619853245, 1.3837421174637896, 0.47063866982462876, -2.5542713629124347, -2.4647144785737902, 1.339000926384233, -0.10668139204326572, 0.5348843833972594, -0.10503715696120855, 0.8364395156672123, -2.341630348433416, -2.805176488392279, 0.33046693102990715, -2.8892824932199486, -0.169684257049847, -2.6833161415664777, -1.008432709256275, 0.7484712602771938, 0.43739658341044196, -2.8347438761788717, -1.5679063142593948, 1.1964406970638162, -2.4944140627436364, 0.45538818630992617, -2.4037433253336435, -2.8434401026589624, -0.08463124340094276, 0.43150545351712816, -2.734738688160355]","[180, 181, 182, 184, 185, 186, 187, 188, 189, 190, 191, 192, 193, 194, 195, 196, 197, 198, 199, 200, 201, 202, 203, 204, 205, 206, 207, 208, 209, 210, 211, 212, 213, 214, 215, 216, 217, 218, 219, 220, 221, 222, 223, 224, 225, 226, 227, 228, 229, 230, 231, 232, 233, 234, 235, 236, 237, 238, 239, 240, 241, 242, 243, 244, 245, 246, 247, 248, 249, 250, 251, 252, 253, 254, 255, 256, 257, 258, 259, 260, 261, 262, 263, 264, 265, 266, 267, 268, 269, 270, 271, 272, 273, 274, 275, 276, 277, 278, 279, 280, 281, 282, 283, 284, 285, 286, 287, 288, 289, 290, 291, 292, 293, 294, 295, 296, 297, 298, 299, 300, 301, 302, 303, 304, 305, 306, 307, 308, 309, 310, 311, 312, 313, 314, 315, 316, 317, 318, 319, 320, 321, 322, 323, 324, 325, 326, 327, 328, 329, 330, 331, 332, 333, 334, 335, 336, 337, 338, 339, 340, 341, 342, 343, 344, 345, 346, 347, 348, 349, 350, 351, 352, 353, 354, 355, 356, 357, 358, 359, 360, 361, 362, 363, 364, 365, 366, 367, 368, 369, 370, 371, 372, 373, 374, 375, 376, 377, 378, 379, 380, 381, 382, 383, 384, 385, 386, 387, 388, 389, 390, 391, 392, 393, 394, 395, 396, 397, 398, 399, 400, 401, 402, 403, 404, 405, 406, 407, 408, 409, 410, 411, 412, 413, 414, 415, 416, 417, 418, 419, 420, 421, 422, 423, 424, 425, 426, 427, 428, 429, 430, 431, 432, 433, 434, 435, 436, 437, 438, 439, 440, 441, 442, 443, 444, 445, 446, 447, 448, 449, 450, 451, 452, 453, 454, 455, 456, 457, 458, 459, 460, 461, 462, 463, 464, 465, 466, 467, 468, 469, 470, 471, 472, 473, 474, 475, 476, 477, 478, 479, 480, 481, 482, 483, 484, 485, 486, 487, 488, 489, 490, 491, 492, 493, 494, 495, 496, 497, 498, 499, 500, 501, 502, 503, 504, 505, 506, 507, 508, 509, 510, 511, 512, 513, 514, 515, 516, 517, 518, 519, 520, 521, 522, 523, 524, 525, 526, 527, 528, 529, 530, 531, 532, 533, 534, 535, 536, 537, 538, 539, 540, 541, 542, 543, 544, 545, 546, 547, 548, 549, 550, 551, 552, 553, 554, 555, 556, 557, 558, 559, 560, 561, 562, 563, 564, 565, 566, 567, 568, 569, 570, 571, 572, 573, 574, 575, 576, 577, 578, 579, 580, 581, 582, 583, 584, 585, 586, 587, 588, 589, 590, 591, 592, 593, 594, 595, 596, 597, 598, 599, 600, 601, 602, 603, 604, 605, 606, 607, 608, 609, 610, 611, 612, 613, 614, 615, 616, 617, 618, 619, 620, 621, 622, 623, 624, 625, 626, 627, 628, 629, 630, 631, 632, 633, 634, 635, 636, 637, 638, 639, 640, 641, 642, 643, 644, 645, 646, 647, 648, 649, 650, 651, 652, 653, 654, 655, 656, 657, 658, 659, 660, 661, 662, 663, 664, 665, 666, 667, 668, 669, 670, 671, 672, 673, 674, 675, 676, 677, 678, 679, 680, 681, 682, 683, 684, 685, 686, 687, 688, 689, 690, 691, 692, 693, 694, 695, 696, 697, 698, 699, 700, 701, 702, 703, 704, 705, 706, 707, 708, 709, 710, 711, 712, 713, 714, 715, 716, 717, 718, 719, 720, 721, 722, 723, 724, 725, 726, 727, 728, 729, 730, 731, 732, 733, 734, 735, 736, 737, 738, 739, 740, 741, 742, 743, 744, 745, 746, 747, 748, 749, 750, 751, 752, 753, 754, 755, 756, 757, 758, 759, 760, 761, 762, 763, 764, 765, 766, 767, 768, 769, 770, 771, 772, 773, 774, 775, 776, 777, 778, 779, 780, 781, 782, 783, 784, 785, 786, 787, 788, 789, 790, 791, 792, 793, 794, 795, 796, 797, 798, 799, 800, 801, 802, 803, 804, 805, 806, 807, 808, 809, 810, 811, 812, 813, 814, 815, 816, 817, 818, 819, 820, 821, 822, 823, 824, 825, 826, 827, 828, 829, 830, 831, 832, 833, 834, 835, 836, 837, 838, 839, 840, 841, 842, 843, 844, 845, 846, 847, 848, 849, 850, 851, 852, 853, 854, 855, 856, 857, 858, 859, 860, 861, 862, 863, 864, 865, 866, 867, 868, 869, 870, 871, 872, 873, 874, 875, 876, 877, 878, 879, 880, 881, 882, 883, 884, 885, 886, 887, 888, 889, 890, 891, 892, 893, 894, 895, 896, 897, 898, 899, 900, 901, 902, 903, 904, 905, 906, 907, 908, 909, 910, 911, 912, 913, 914, 915, 916, 917, 918, 919, 920, 921, 922, 923, 924, 925, 926, 927, 928, 929, 930]"
6,788.9118659565823,750,"[-1.5576728451425255, 0, -2.0786585073716553, 2.8207388494006995, 1.146187537962745, 0.19499544046505748, -2.125168611008187, -2.7062625915094682, 0.5962132817881097, 2.4831863537669707, -1.9115186878500372, -1.320851000421784, 1.226306856126205, -1.7518747812388347, -1.4979703200921584, 2.4661668921797824, 0.16565273972369432, -2.3892863503893476, -0.9050306541481533, 2.5127132224297055, 0.6355205567593357, -2.3024241874742333, -1.1081353561047629, 0.9467709564592023, 2.5320971880662264, -2.063415699684307, 0.4023571023233341, 1.176303930068604, 2.2842953182306447, -1.3681904810524523, 0.8447628275272996, -0.6079335679101928, -1.9169428185838664, -2.1687290390766103, 0.5470651412507879, 0.4060365519872875, -2.267286827967864, -0.24573525241639796, 0.8951857998803855, -2.201846525981474, -2.472411377500245, 2.6999321001057184, 0.6314332405152386, -2.534556990676274, -1.4017904943825927, 1.3812733151336771, -0.7119861396105729, -2.2286241540906624, -0.9784606944369211, 1.543978754014261, -0.393170288862174, -2.3389451419533844, -0.9868467590354932, 0.6996045627840497, -2.586414281942062, -2.387054820202469, 1.9718027044561486, 0.36717424931414006, -1.5957926266386098, -1.650084785087002, 1.058717624387688, -2.934991651200971, -2.7948273089355777, -1.1504830941524484, 1.0994668037796758, -1.6298725442043114, -2.291597985482996, -1.9998815254569815, 0.7095444923923748, 0.4144554448238557, -2.09007338914858, 1.9288817144254724, 0.815079176715595, 1.9567558959214864, -1.9824905989992716, 0.9492185721565949, 0.6705212693455547, 3.1354161881961047, -1.1220196638857107, 1.10142816669729, -2.6663546726021825, -2.2437939671800544, -0.017997548442073415, 0.7605005652391014, -2.5048236716380528, -2.0007701468609906, 1.6204195397370251, -0.6712316996311263, -2.5078944798457177, -1.0870557876137645, 1.2537199846205536, -1.1235791631073377, -2.134529602223553, 1.4917401849364431, 1.1020561736374501, -0.07498735691827736, -2.3770712012992847, 1.7685191112839609, 0.9110049742120876, -0.28309550977811343, -2.251279882798819, 1.5918644450795758, 1.1416719880689268, -2.8467598594079213, -0.9206583587778775, 1.0696259083084967, 0.017580890990988213, -2.6535851054249244, -1.7353200469693022, 0.5462887702217653, 0.07312312543106854, -2.4306362360483886, -1.3977264275924688, 1.2575614624154243, -2.1480100044954984, -2.126677178769356, 1.0319159356495926, 0.9935789285823515, -2.7737524448217235, -1.4894891752427415, 0.8396986234700528, 0.49889666981812725, -2.109081080251867, -0.3007817675350543, 0.9646806077187392, -2.8661577110600103, -2.4909298897488186, -0.8998756575435938, 0.5651644412917336, -2.9263362557701607, -2.16903859609387, 0.8089321349653434, 0.8196171345804218, 2.4042836488460795, -2.026075198586613, 2.080088862502773, 0.9487168519665533, -0.05465857173191144, -2.0032901588098393, 0.461895533351166, -0.5611311212011004, -2.357647693775604, 1.5667482416555276, 0.8426929926314601, -0.08805379802662058, -2.2461036387706215, 1.0855659123928854, -0.2938697573376398, 1.6883116589861902, -1.7195284920092224, 1.1768065395398004, 0.41599188326502334, -2.458841424696527, 0.0077048256814717195, 0.8747544497892058, -2.6060947395490976, -2.102602642044064, 1.017902875349228, 0.488790330277838, -0.42639122561053094, -2.6838470113674493, -2.3495927351371297, 1.170636973449549, 1.3989302065346891, -2.073642150212964, 1.6826434666521077, 0.16662861521623798, 2.8229872338113857, -2.008387568692433, 1.2642991193286488, 0.6364197661071251, -1.8455606979664958, 2.779823389936031, 1.0870706818574654, -0.509827471601601, -2.327140175380284, 2.5242180264473872, 0.9015183413253977, -2.644990116919586, -2.174373741947912, 1.84325881733088, 0.015682509113724673, -2.392500779447406, -1.5062791613447997, 1.0806266215243998, -0.9972646139704999, -1.9736225974935229, -0.659541859383624, 0.7704569232605462, -0.5552792597220527, -2.431916077152949, -1.1127450445391822, 0.9766494823945757, 0.3278587490682843, -2.2665305422557678, -2.9910740926496695, 0.8763946808582458, -1.958380708024623, -2.2886340346133007, 0.5784024727849864, 0.6093562031581496, -2.617887284102199, -1.6063799295130208, 1.4998162061173022, 0.5793197494808625, -1.9725414615787835, 1.9667132772907148, 0.9238681865693094, -1.431122622285967, -2.078484360052631, 0.4748505613145116, 2.881519539779646, 1.1894224278429275, -1.8009160481734072, 1.6827534292411523, 0.7418748485711123, -2.3298871539233224, -0.5834762290108314, 1.340887587044549, -1.5148981568208983, -2.0766496522468563, 2.543545878978613, 1.1499640754877503, 2.730784092050802, -2.1401103596870534, -2.450981444996151, 0.8425392831480931, 1.018395509916096, -2.0006780078769215, 0.8799909347198819, 0.8703597237462989, -2.6011253088851216, -1.016187849986864, 0.7737523915679632, 0.3156942280263425, -2.125685649765656, -0.6437353137963343, 1.054178232926912, -1.6963877049774068, -1.980231947048652, -1.6364224835376568, 0.8901367810014285, 3.0649057730887725, -2.44121421057871, 2.707173668380617, 0.6596756281828677, -2.522981805496315, -0.07425911210221199, 0.8387882735788635, 0.7926402665764428, -2.0558222252879834, 1.0801737261701845, 0.7227876891074969, -1.6960804982039348, -2.4797985174499395, 0.9793289537124382, 0.051136750930224115, 3.0811890808834748, -1.9077003840334834, 2.543573186949982, 0.7138517319143909, -2.5891847494950757, -1.9104452250063035, 1.0489526173240444, -0.37423062308210303, -2.4633678349668826, -1.295308629055605, 0.7716182901694187, 2.0227790874073177, -2.7252305886148145, 2.729112757279251, 0.26298030494128216, -1.13935596877239, -2.8483368360880763, 1.0103834238258798, -0.4502648375684113, -2.0750216497621703, -1.2299712997395738, 1.263840804161253, 0.7039647556396436, -2.4243625798379806, 1.309110386634969, 1.7488918543303207, -1.4853332674396131, -2.4309469070572454, -0.45547989390386134, 1.4042189873584632, -2.636544427373557, -1.7289447313480342, 2.937122270493624, 1.1707614853823782, -2.060157708727, -1.9361461090467653, -2.6007349572184117, 0.5619750603741738, -2.325243168860939, 2.089831970701532, 1.1668233530938812, -2.1102547890466883, -2.840523615155402, -1.8231255674271325, 0.7522800111144088, 0.8322264314099791, -2.319843846693091, 1.3554895082395493, -0.15163265435813938, -2.5707065194299292, -0.676213233495414, 0.9992162389092988, -0.7697831487451585, -2.479228040661786, 0.4957547573891887, 0.887047666686901, -2.782221921702404, -1.7784885694903945, 1.3239778720400583, 0.18365957904258548, 2.996970736721278, -2.076866555485604, 1.830587486601874, -0.04460252896299469, -3.0678458731062945, -1.437395084527497, 1.1137704428263808, -1.6918069033076943, -2.609549753436911, -1.3761979772357422, 0.7262889890694125, -2.439869432470289, -1.8081000961907938, 0.9694833249104896, 0.6406463748166641, -2.5128101849560305, -1.3058430960445093, 1.2249707045759093, 0.0045448322379583, -2.175404520815568, 0.6195505585412541, 1.1325997958730323, 2.7322700036643073, -2.0676110316805527, -2.543347747266827, 0.3158538904433412, 0.5676439185107894, -1.9472140160151774, 3.0261446795157987, 0.8529836498785613, 3.1386860115637143, -1.4948548928072103, 1.1742552790351948, 1.138637743018429, -3.0476068412977444, -1.4329942871837889, 1.4221274950594849, -0.28368476462946784, -2.332468685174882, 1.5960848114836785, 0.15853376222641727, -3.014418984656702, -1.1487708788074986, 1.3237859128134348, 0.3479336237358705, -2.1885498229928473, 2.062263032778742, 0.8080400458573173, -3.067839988907744, -2.5166748438723086, -1.6524422455200527, 0.7844118425244759, 2.290724555643989, -1.8985142128054062, 1.3544421923778867, 1.5996917556813923, 3.093821365767917, -2.096154765601527, -0.41629919520222275, 0.8324638636555741, -2.1514364970648523, 0.062333787251352225, 1.7320866894454638, 2.3571798258774446, -2.110187688379971, -2.5044335462642584, 0.42291149639643844, 2.035780987814663, -1.5319424826295704, 1.4593663280852263, 1.110988964360375, -3.137124792970012, -2.064513144634474, 0.7199072699884801, -2.271237182022845, -2.7990138370439235, -2.3658967976314025, 0.7723377641741697, -2.788626260675443, -2.0838959031664923, -2.2550308628189835, 0.6849066903137079, -1.6863696148033496, -2.261945359014838, 2.291722443929875, 0.6573612726532636, 2.917247933417419, -1.743868479866151, 0.5764235769683109, -0.3741612911759352, -2.5077657381051823, -0.18230517953441483, 0.7283859680760675, -3.0141988059686677, -2.2127250807381365, 0.699068202517189, 0.8321982254748297, 3.1212084362839554, -1.7742102719813673, 1.398655954797326, -1.5563327456740164, -2.183345347255723, -2.185348641685743, 0.5332423609740877, 0.746941611895938, -2.632023289331575, -1.912995050488702, 0.5794130404954188, 1.7896975067819003, -1.9307391610843172, -2.106104297362195, 0.9560387130303146, 2.463559694268776, -1.8641086676207361, -1.1306893390088861, 0.26181830469667045, 2.777629331489647, 2.94537668655684, 1.125831522537311, -1.6817583657466024, -2.7656449703960835, -1.1986280729840342, 0.7114317503303302, 1.0567301417403716, -2.5872430946312837, 0.8815029253754024, 0.33305268700905066, -3.1080979530374964, -1.9083306303770415, 1.2480086995422424, 1.1224901178798559, -2.285580800265917, 0.8333311300373888, 0.33755730921311744, -1.2863807621945216, -2.34019155892992, 0.5993734976807005, 0.8123925452399676, 0.13241405453472843, -2.136329567803411, 0.9968290196489851, 1.6121035148316178, -2.3250998574444166, -1.5826931479651847, 2.745675822719995, 0.19377929587213044, -2.530828367724262, -0.37486086329211044, 0.9358432226673133, 2.441827502161215, -1.7569657373085663, 1.1104705450123755, 0.6858647040352557, -1.4028473858307733, -2.1345094642665154, 0.5785912960865301, 0.457584362182656, -2.263888753969613, 1.8860325291312225, 0.9406404759956876, 2.87558419032861, -1.6758287549258832, 3.083571101396043, 0.7021106367039768, 2.665501495148483, -1.9369177446737802, 0.3608641162328368, 0.5217515364451727, -2.7171506586915006, -2.0992512745935312, 1.3061466683218799, -0.7432040885870402, -2.6048211292290135, 2.4316371581415797, 0.7389032425582831, -2.313197380035017, -2.544716573294059, 0.9055080963807366, -0.09411501171465987, -1.298376967318991, -2.3808353389683945, 1.1817329409953194, 2.666818525768249, -2.4969058130880435, 0.051399402000122364, 0.701952460756643, 0.2936954626773408, -2.2791634120537845, -0.009707223269946868, 0.9741506535523694, -2.5575827554316484, -2.032780954963848, 1.4647096785300528, 0.3602485852866343, 3.008747853508216, -1.0135057001949683, 1.0275921117146414, 0.6648909224302919, -2.222947303580603, 1.0445692015466665, 0.8281551747016552, 2.743619848498624, -2.0730828602791997, 1.131711234835158, 0.7693527649995805, -2.3827572789268654, -1.0312925902507892, 1.1556272284783455, 0.5223844587842742, -2.357462163682087, 0.7496394901814688, 0.8887178835546355, -2.1917499786075454, -2.3637419336509167, -2.56084243715408, 1.1096526168383236, 2.6248906070950424, -1.721467573870691, -2.1003579389789753, 0.844052637492414, -2.4004028409306453, 0.9563994800675932, 0.9887495236927, -1.4890783896405564, -3.0413589965671144, 0.020504800737545084, 0.3358900018769268, 2.7476456772529687, -1.9741553538130152, 1.4655121423451316, 0.29921603867982866, -1.957132233774549, -2.577785712051768, 0.855861464812766, -2.241927878853664, -2.461371669769984, -0.5448563518714912, 0.7162429860156289, 0.625677796759769, -1.834348064694426, -1.0379684382170353, 0.8246557915675453, 0.3567351686131555, -2.2748416326790872, 2.327374635164628, 0.9056544075267563, -2.651812129776167, -1.109792829792301, 1.365990756546336, 0.5072253628595738, -2.0717275771431374, 1.9758381584637312, 0.892768170573313, -2.9900624813591703, -2.1087536854179976, 2.2504256064698427, 0.8878025163287293, -3.100572494258751, -1.2452650529894544, 1.0486536274977385, 0.10014668507142344, -2.1790692612367826, -1.5777788513358397, 0.38902436821394126, 1.3504799234290814, -2.606534644092132, -2.5879491571338447, 0.877342023426266, -3.0961363294413786, -2.468603333906959, 3.0547851088289013, -0.13704427659420731, -2.064485700373137, -0.11049301475271057, 1.1956355581139821, -1.1420964900919743, -2.8196204340710875, 0.7703381667255166, 1.2257025406106516, -2.241625562938755, -1.6875938656755805, 0.4341884417291672, 0.36272014343488734, 3.10641897711225, -1.4067284229786337, 1.0439580343161927, -0.6885772002665955, -2.6591631596796086, 0.5745622201600398, 0.44853258031756466, -2.9281947441372207, -2.323590590252708, -1.768585361672167, 0.6902314727022143, -1.2687156047574843, -2.0856067180528943, 1.3309673679968044, 1.1381033076430547, 1.7891558822465574, -2.107747375223966, 2.1401882833417667, 0.6068329731118003, -2.3338256221478617, -2.5344234163901875, 0.7802597995289743, -2.7985908292491524, -1.610303129475738, 2.3824316773640146, 0.1895583733569741, 2.2278341360503187, -2.1905192507796234, 0.7541323783779912, -0.1570790132596229, -2.7640676780351754, -0.4585318970802199, 0.833287898398944, 0.7873954529646678, -2.5240049391275776, 2.6374340853206775, 0.9541759207687782, 1.9190791223697323, -1.8880241278229346, 1.492605142824478, 0.9914973445776707, 2.4156908528833645, -2.4128883413599116, 0.9105128923904169, -0.24732177652740062, 3.06386175281883, -0.7935341258307643, 0.44379724625076156, 0.3270344943494717, -2.3103126621206687, 1.7732105512999157, 0.3748098539398985, 3.0475611725563776, -2.6482448098582885, 1.1280279653170584, 0.19305505506372536, -2.4411247618098213, -0.9263570623039158, 0.864874109694027, -2.4220823327452226, -2.3087749067041754, -2.616896121898837, 0.7400504324021112, 1.9587216577366617, -2.745506252434916, -1.2897665025419034, 1.0081477688349967, 1.844029987246416, -2.197004742752947, -2.32018901688897, 1.099960449097361, -1.8918730182255696, -0.9998920808425453, 2.719262440486161, 0.9269583066788102, -2.4375036908784877, -2.682440841185236, 0.941906590855266, 2.9255293254072434, -2.407793731563726, 2.251143412214808, 1.127191513933156, -2.2413764155209797, -2.13723217275492, 0.6785349841787759, -1.4485206878675647, -2.254867584382847, 1.1469718004371727, 1.2825534005506891, -0.46966544711304864, -2.398830804333313, -0.05303486676041167, 1.3246112901038813, 1.684762851126873, -2.0644676936634547, 2.4296314975686437, 1.0576259094625535, -1.446347729691599, -1.7308367653782741, 0.8888285741761981, 0.7135129170668411, -2.1775856506923708, -2.523255048868096, 1.014396026683764, -2.45626950748165, -1.9372264510371884, 1.5486383402322959, -0.06099235686595909, -1.8057653161839966, -2.2805552008067598, 0.8009522603458819, 2.1729401570094162, -1.8227047752076593, 2.227496653304092, 0.910034816754643, -1.1504286393531382, -1.9958069649038457, 3.1108933886927073, 1.053085274655286, 1.654586753073218, -1.9036754975058676, 1.690126320771939, 0.4242233498996942, 2.8802839487850336, -2.254804821316404, 1.078960949627494, 0.660156943199429, -2.660645198098458, -2.76044852081046, 0.26757647014646113, 2.225577197857738, -2.046119330727621, -2.5779242792356323, 0.3054694369565328, -2.3637415008305944, -2.078757443285935, 0.610690357321275, 0.5407471036154051, -2.133809535592349, 1.1094457063797953, 0.42021938074681814, 1.2015769877727724, -2.706682851852393, -0.566045716615485, 2.83052166250946, 1.5598192874015722, -2.347774081691736, -2.480110092431293, 0.3201069074107505, -1.1751469893848911]","[180, 181, 183, 184, 185, 186, 187, 188, 189, 190, 191, 192, 193, 194, 195, 196, 197, 198, 199, 200, 201, 202, 203, 204, 205, 206, 207, 208, 209, 210, 211, 212, 213, 214, 215, 216, 217, 218, 219, 220, 221, 222, 223, 224, 225, 226, 227, 228, 229, 230, 231, 232, 233, 234, 235, 236, 237, 238, 239, 240, 241, 242, 243, 244, 245, 246, 247, 248, 249, 250, 251, 252, 253, 254, 255, 256, 257, 258, 259, 260, 261, 262, 263, 264, 265, 266, 267, 268, 269, 270, 271, 272, 273, 274, 275, 276, 277, 278, 279, 280, 281, 282, 283, 284, 285, 286, 287, 288, 289, 290, 291, 292, 293, 294, 295, 296, 297, 298, 299, 300, 301, 302, 303, 304, 305, 306, 307, 308, 309, 310, 311, 312, 313, 314, 315, 316, 317, 318, 319, 320, 321, 322, 323, 324, 325, 326, 327, 328, 329, 330, 331, 332, 333, 334, 335, 336, 337, 338, 339, 340, 341, 342, 343, 344, 345, 346, 347, 348, 349, 350, 351, 352, 353, 354, 355, 356, 357, 358, 359, 360, 361, 362, 363, 364, 365, 366, 367, 368, 369, 370, 371, 372, 373, 374, 375, 376, 377, 378, 379, 380, 381, 382, 383, 384, 385, 386, 387, 388, 389, 390, 391, 392, 393, 394, 395, 396, 397, 398, 399, 400, 401, 402, 403, 404, 405, 406, 407, 408, 409, 410, 411, 412, 413, 414, 415, 416, 417, 418, 419, 420, 421, 422, 423, 424, 425, 426, 427, 428, 429, 430, 431, 432, 433, 434, 435, 436, 437, 438, 439, 440, 441, 442, 443, 444, 445, 446, 447, 448, 449, 450, 451, 452, 453, 454, 455, 456, 457, 458, 459, 460, 461, 462, 463, 464, 465, 466, 467, 468, 469, 470, 471, 472, 473, 474, 475, 476, 477, 478, 479, 480, 481, 482, 483, 484, 485, 486, 487, 488, 489, 490, 491, 492, 493, 494, 495, 496, 497, 498, 499, 500, 501, 502, 503, 504, 505, 506, 507, 508, 509, 510, 511, 512, 513, 514, 515, 516, 517, 518, 519, 520, 521, 522, 523, 524, 525, 526, 527, 528, 529, 530, 531, 532, 533, 534, 535, 536, 537, 538, 539, 540, 541, 542, 543, 544, 545, 546, 547, 548, 549, 550, 551, 552, 553, 554, 555, 556, 557, 558, 559, 560, 561, 562, 563, 564, 565, 566, 567, 568, 569, 570, 571, 572, 573, 574, 575, 576, 577, 578, 579, 580, 581, 582, 583, 584, 585, 586, 587, 588, 589, 590, 591, 592, 593, 594, 595, 596, 597, 598, 599, 600, 601, 602, 603, 604, 605, 606, 607, 608, 609, 610, 611, 612, 613, 614, 615, 616, 617, 618, 619, 620, 621, 622, 623, 624, 625, 626, 627, 628, 629, 630, 631, 632, 633, 634, 635, 636, 637, 638, 639, 640, 641, 642, 643, 644, 645, 646, 647, 648, 649, 650, 651, 652, 653, 654, 655, 656, 657, 658, 659, 660, 661, 662, 663, 664, 665, 666, 667, 668, 669, 670, 671, 672, 673, 674, 675, 676, 677, 678, 679, 680, 681, 682, 683, 684, 685, 686, 687, 688, 689, 690, 691, 692, 693, 694, 695, 696, 697, 698, 699, 700, 701, 702, 703, 704, 705, 706, 707, 708, 709, 710, 711, 712, 713, 714, 715, 716, 717, 718, 719, 720, 721, 722, 723, 724, 725, 726, 727, 728, 729, 730, 731, 732, 733, 734, 735, 736, 737, 738, 739, 740, 741, 742, 743, 744, 745, 746, 747, 748, 749, 750, 751, 752, 753, 754, 755, 756, 757, 758, 759, 760, 761, 762, 763, 764, 765, 766, 767, 768, 769, 770, 771, 772, 773, 774, 775, 776, 777, 778, 779, 780, 781, 782, 783, 784, 785, 786, 787, 788, 789, 790, 791, 792, 793, 794, 795, 796, 797, 798, 799, 800, 801, 802, 803, 804, 805, 806, 807, 808, 809, 810, 811, 812, 813, 814, 815, 816, 817, 818, 819, 820, 821, 822, 823, 824, 825, 826, 827, 828, 829, 830, 831, 832, 833, 834, 835, 836, 837, 838, 839, 840, 841, 842, 843, 844, 845, 846, 847, 848, 849, 850, 851, 852, 853, 854, 855, 856, 857, 858, 859, 860, 861, 862, 863, 864, 865, 866, 867, 868, 869, 870, 871, 872, 873, 874, 875, 876, 877, 878, 879, 880, 881, 882, 883, 884, 885, 886, 887, 888, 889, 890, 891, 892, 893, 894, 895, 896, 897, 898, 899, 900, 901, 902, 903, 904, 905, 906, 907, 908, 909, 910, 911, 912, 913, 914, 915, 916, 917, 918, 919, 920, 921, 922, 923, 924, 925, 926, 927, 928, 929, 930]"
7,441.5149933404405,751,"[3.071952259269417, -0.5169166480018705, -2.3343577456889975, -1.1038417487666055, -1.032262788037501, -3.1021741801847638, -1.5103672225162594, -0.10979816703524235, 2.999659278119759, -2.1243713505704234, 0.9279166294491538, -1.960483014818969, 2.1952963511238557, -1.8805328850861884, -1.6846293324097201, 1.1965884803145028, -2.8830153462710832, -1.8189765886575902, 0.622028365837213, -3.028260218587739, 3.101383088619466, -1.1485703345066234, 0.13189868076876143, -2.456661969617753, 1.4435123727293206, -1.8058169768752002, 0.47061360847100897, 0.6117192602604206, -2.6402045727330616, 0.5457631873161648, 1.521203887866318, -2.8012021207934468, 1.1467120428567432, -0.07777928171578859, -2.0854145459333187, -0.8064254736457455, -2.103622596766972, -0.5559597782547316, 0.16840992259082627, -2.2069862262367996, -2.23193859003684, -0.01249786483691616, 2.6364630104530704, 2.902706791998376, 0.00355137719944616, 1.865191800835214, -0.7168156722984625, 1.6954371252806757, 2.5699114900421365, -2.3764970924236732, -1.9722950717585055, 2.505861611047342, 0.4628968419369932, 2.7052320461918056, 2.4722828196332443, 1.8302271403680994, 2.3988081019782452, 2.3203271091537356, 1.3651390512556578, -1.6349392053858074, 0.730768259140037, 2.565835444073919, -1.0508306824422176, 2.761361069796536, 2.4855276054314266, -2.726600446023114, 3.059742295856159, 1.552827890451603, 2.9158111803909814, -2.120329156132241, -1.9287530702462024, 2.677718788284866, -3.0077233267640047, 1.2380381917788297, -2.0905325150810916, 2.1833225721806118, -0.16725517271184154, -2.7085065027595325, -3.0643992810170806, 0.6583201743905712, 0.15289024303522486, 2.8777151910752448, 1.9320055393033437, -0.705170799641951, 1.4971258342866827, -2.233305815473374, -0.7607738711782186, 0.30309301729701477, -2.8237552599255027, -0.2979484430522135, -2.2505494970411224, -0.41239894904535984, -1.8698988555138023, -0.5737048132919511, -0.6377144728367261, 1.8424652737762104, 1.9126898165308723, -1.6124683752890625, 1.8247032221792927, -2.335361539603855, 1.1496007848254897, -2.9421601029434403, -0.8093910844478253, -2.4723858280376803, 1.6763786835214156, 1.8866321541227598, -0.07180688948730732, -2.8705659794488003, 0.8712073444843162, -2.5743017489636673, -0.29967020635522007, 2.744997248669923, -3.0856189528556177, 0.39140780218359494, -2.250996447828576, 2.8548808584488032, 0.92886003679338, -1.9858438665142584, -2.4935727009925066, -0.44817995598681054, 2.3140790513179397, -2.0082662678783985, 2.2139548201036954, -0.9242091583510765, -0.8242100805497433, 1.3503884755041027, 2.2982141536041443, 1.177954040685982, -0.09553315174333636, 2.1319696771697836, -1.9925787227946252, 1.30442523335301, 1.0462955473775877, -2.719757605815926, 1.4303037987154272, 2.1987424435938703, -0.2595029190190976, -2.8495464850981187, 1.6756805526807506, 2.219907386061382, -1.032642767006922, 2.6531920510170774, 1.226971432875214, -1.6581591408849978, -2.0029426770761862, -2.2877371901553047, 0.08230469657205743, -0.5679808745488141, -2.3894824811370228, 1.3727322243389843, -2.2600489770282444, -0.7237610020195214, 3.100093624823005, 0.1729842137612978, -1.8023114846300217, -2.938750244936362, -1.7134560218598656, 0.46151173201331336, -0.03176064832049105, -2.269918255665674, 0.4419897861601701, 0.010625367707698402, 0.9791815675158975, 2.5208737738892633, 0.9620718485784169, 1.235975121895682, -2.030981643667233, -2.5057396687571214, 1.6076251787250222, 1.4656778949436413, -0.31474200157998966, 1.2083714561458176, 0.508659728202807, 0.5015805939877724, -3.0450714713550844, 3.018915378116008, 2.1744020061319893, 1.0877929430972213, -2.3966216346734157, 2.0423403083873017, 2.5828427424385967, -1.8935117497936484, 2.666808599227668, 0.863356601704427, 2.8250150254869557, 1.8700133726320287, 2.0971431520944477, -1.608414083152852, -2.9930374087473, 1.2644156298252336, 1.4064910936622195, 1.592163231099921, 1.9793444938835334, 1.393000163298192, -1.8151489615830976, -0.5477883282130789, -1.2755959676372128, -1.274752456984941, 1.8043044102543717, 0.5832363060904889, -1.4900722784808147, -3.0930583664580444, 0.6072622752135226, -1.8106031224172163, 1.8698622589160672, -1.3258167724371328, 0.3305185407383732, 2.3974308092643657, 1.3648406734437353, -1.8031907588284044, 3.109558958960933, 2.2246911069635007, -0.4509049237635195, -1.3323762468343079, 0.45733319168204895, 1.1926521726606927, -1.8909057714332331, 0.3600199148094459, 1.404568280820423, 0.777930893857284, -2.538344773776089, -1.29491708006651, -2.3522531216272657, 0.5969130123762287, 2.780525697492426, 2.3658152733630935, 1.5348603389829685, -1.5196852839362542, 1.9665978114663358, 0.9920377451310255, -2.0041024115095114, -0.8508916120266176, 0.39175246148842024, 2.7855864205617333, 1.7624567806889277, -1.82216501999322, 2.026130430762381, -1.2987262745838197, -2.8252747104538796, 2.805893272986709, 0.4984036599493179, 0.6486312568481007, -0.01687070029043959, -0.584028999280154, -2.7117116723705847, 0.7679069725923966, 3.0081137314556776, 0.4385480482246792, -2.386442324742667, 1.454174360589149, 0.48379897399674965, -2.3252726639079713, 1.073689156593175, -1.9911054569479505, -2.654095729575728, 0.6979766047414853, 3.1078883154746872, -1.1669236593569172, 0.7624541863487893, 1.035918422549827, -2.625622642272684, -0.5497953052761259, 0.12033996289939368, 2.0733541239953563, -1.7556574758316408, -3.0410102596929627, 0.36395156432573356, -3.039351335334824, -2.7640777927139055, 7.550305382382018e-05, -0.8928568805446218, -2.9200703312962, -2.832639281113124, -2.3195177498643176, 1.4858026287884203, 1.8185395913979205, 2.9333916757192164, -0.6703926613087617, 2.1279041984778693, -0.3481667538874952, 2.787360246176295, 0.45672414283732504, 1.5775876361318366, -0.8000055574419317, -0.014733695344161761, 0.9695489311637292, -1.046464313359422, -2.7687036165414978, 2.145541260562732, 2.7546344971752843, 2.907325869157976, -1.1956857137076138, 0.03070066363214799, 1.5363946776869486, -2.988389282550973, -2.9880562639144963, -0.05109601237459441, 0.8364518230247499, -1.1724919937651064, 1.4238921488777116, 1.0490636032514329, 2.99917556763754, -0.03821858532518013, 2.128244901668299, 2.824197998604432, -1.2566987222514217, 2.0640128219702643, 0.6769638137261298, 1.4956269142944165, 1.1650284896318863, -2.576724150094771, -0.03940237267879055, 3.0975478008032327, -0.9208927837497846, 2.0897363067474406, 0.6389221568768689, 2.8251406891837996, 0.8179414876773768, -2.6992663296168096, 0.4243331820438836, 0.6811450809384284, -2.8593985240949142, -2.8649021325480137, 0.4085486287918999, -0.23337506617229659, 2.9229581386880956, -1.1991359744423673, 2.8157020194301476, -0.31912653862203894, -3.0259558677484844, 1.9909627086468464, -0.6887607158717592, 2.2656147450548088, 0.3751965485369798, -1.7311924434400354, 1.2600687625617295, 2.396387568726881, -2.544294665577803, 1.4307122384048916, -1.9377016157545257, -2.9287809567773273, 0.2959441947707526, -0.3270664527444366, -0.4383290758347036, 2.9197737891577193, 1.8068255290790372, -0.7870315016886492, 2.636139647553509, -1.64891478027159, -0.25522405125350284, 0.7179644656863493, -3.111622914508092, -0.41550348330948744, -1.6177398624863557, 3.140153997841896, -2.5501818546414947, -2.8192756372858727, 0.9673771650159861, 0.019506121220532763, 1.0640749410366046, 2.323256658545784, -1.172705098586917, 2.7881879296144194, -2.794414474808205, 1.3140946619861236, -1.2980377949300612, -2.7579721703878413, -1.3423547914924194, -1.1717931895175078, -0.12280093355099253, 1.7122742550732708, 3.090101505330668, -0.4065534142338741, 2.4815042540876173, -0.8437684364067998, 0.09369700142917368, 2.0260678290380394, 0.3443598051815488, -2.651761906253219, 0.7833198456010663, 1.4916398561382025, -2.229153634090633, 2.399656911767709, 1.5857353872998037, -0.46603495656006627, 2.237931820010374, 1.4050106519253112, -0.627814724759199, 2.5289653105028402, 2.108183172934268, 1.9959518265304537, 1.1794083529063162, 2.9616457351567425, -1.204185449433958, 3.009342495166684, 1.0194887079554837, -1.5950867687171504, 0.5693784877351058, 2.100891530718649, -0.5416964013008596, 0.8531233246187978, -2.3876626369834804, 1.3681557129376307, -0.643152541029579, -0.20256000110013203, 3.098498468320905, 1.4816406387023202, 2.6429029355206395, -2.2333595937734336, 2.145499095350154, 1.9596899471007838, 1.572009201269186, -0.0816680292443947, -0.3904273277434466, -2.726483216691232, 0.7948415485325682, 0.4609285417823617, 0.9474677941413103, -2.572840135831105, 0.8588767391739942, -2.705834017853977, 1.1274481732163635, 1.0430040122888597, -2.8122291463612044, 0.20401556950203537, -0.3493235039462749, -2.53039413908962, 1.3800309253951786, 2.4875484967471144, 0.8422112958644191, -1.031266599311067, 2.741748859219021, 0.048271694651644124, 0.9906365360179684, -0.6478979936234236, 2.0125950762213334, 0.8074320919261677, 2.597717740202051, 0.9077480227764966, 3.027891053211525, 0.5174128160647238, 1.3363985976594712, -1.7242557714319113, -1.1154171457890163, 1.1168445802543192, -1.1918573573583167, 2.5776044467451893, -0.27250659197656624, -2.6020443486883345, 0.2956543025910272, -0.6097227230980923, -0.0219744824846564, -2.6346268791929925, 0.9566360611632584, 0.13680585321434868, -2.068873031991426, 1.5391619750265813, 3.015784398094098, -2.673093040190603, -1.8817790378026407, 0.4238177541445601, 1.5526319671504814, -0.6509685809103609, -1.9343330140274748, 1.5283355951542552, -2.750032592869806, -2.386444666671827, 2.786579165120731, -1.1008006955898577, 0.1463729636231639, 2.8846120161417876, -1.781824420041375, -2.422887228015046, -1.6819838158830425, -2.7461744633908576, 1.4469321418989942, -0.2644536596882562, -1.3993964355566562, 3.036264235982409, 1.297099175097625, -1.6761742270263826, -2.371554167152341, 0.5209060068899322, 1.960497191420185, 1.329806728040523, 0.7669295312341647, -2.8582668883780813, 1.4256976638671028, 1.1103807032706992, -1.9425553972821044, -0.7343751116713092, 1.043037192489496, 1.4805633035174302, -1.9059452190741515, -0.45058307440106765, 0.12123158283104524, -2.392118929430501, 2.22843987455243, 2.2853132914045253, -2.8394190892887856, 0.16040350539948012, 1.131627050547076, -2.607624930558985, 2.9887655207531836, -1.3264863198473646, -2.352879392458597, 2.1345460256518605, 0.46113425227829685, -2.27719183920864, 0.7460259823123285, 1.4632544788268642, 2.791120515004958, 1.3530700246156289, 1.3720026293795826, 0.011908904245819297, 2.6279746842627554, -0.1270017385620231, -2.6074061913463296, -2.390126986603486, 1.1813794270398295, -2.91936335521317, 2.7137003118126084, 1.3863630611035662, -0.5051157820604563, 2.274064189597697, -0.012338779967887485, 3.0565733289164174, -1.875195625301516, -2.606618104031402, 2.1247688219021583, -1.8872086833767174, -0.56410413364559, -0.41445847120464796, -2.520288775355075, 3.13306867429978, 1.094719337635142, -1.9214798962552622, -2.806883336276374, 0.2961907097442929, 2.998794663252972, -1.3220875594128887, -2.967818270028455, -0.4336620941124604, 2.949230406440065, 3.0934454455178253, -0.030317050236939414, 2.267686254714107, -0.05860983087715214, -2.44232956702787, 0.9765121484912249, -1.8836958811670865, -1.6597379666096173, 1.0721489898454701, -2.192593823601308, -2.1456653248532604, -1.7981343867915647, 1.3326569776718358, 1.5875514867565728, -0.3362553301742011, -0.49461206235215777, 2.6803123638036794, 0.1469674864232122, 2.8520846705293836, -0.39409192611121735, 2.2797998575176344, 3.0362395127773785, 1.5307859629980833, -2.3670618648272135, -1.1309403711046735, -0.14941031410561254, 0.3349375830378993, -2.5299257649841063, 0.1008442798275574, 2.331982583585815, -2.4006719053206518, 0.8345843672713004, 1.8138215647348552, -1.3168043576686468, 2.6448249362465917, 2.5267534962492144, 2.869074735297615, -0.17302297451835716, -0.8131759637819236, -0.7331525123184984, -2.516040488141379, -1.6190710058551723, 0.7208359019930182, 1.2474819971313615, 1.6855950133830098, -1.9301063670219742, 1.6260778896526171, -0.8419937079457452, 0.572826059792122, -0.9365489103460345, 1.6970876030917417, -2.372067407919299, -0.3243939746372622, -2.316836873016384, 0.32003025883003533, -0.8437401030902949, -2.5249153791499217, 0.3637243427967869, -1.4202495762267116, 0.3258080145146184, -2.803504843343061, 1.4633756661512742, 2.0203900887221993, 0.028550174262139707, -3.0005794336830895, -0.1271904167649681, 0.8669807010616912, -1.6409708004646144, 2.8186661736025806, 1.6902239916538673, 0.5704735722898692, -2.293347076590315, 2.9773333072373367, 1.773517772084553, -1.15047840570013, 2.1658587900326562, 0.2109463885001034, -2.964372298425066, 0.7479987589620302, 0.3376418660684493, 1.0608126294067506, 1.8969144931088153, -0.1417580522324604, 2.835123729212693, 0.074420354350388, -3.064613838067749, -1.3388328522210158, 1.177353170791413, -2.759229298811601, 2.5295487300791804, -1.978710083534976, 0.9293765145925998, 2.649381995283721, -0.5668249133894153, 1.651951359097484, 2.6173910403456517, 0.6681533130925579, 1.4071772749388956, 1.8472278292010993, 3.103792811359059, 1.2133338468119947, 2.232896049588826, 0.6459891313082101, -2.0735286876121295, 0.2676739291557637, 2.984304400819622, 0.7884071819820215, -2.115830848145361, -0.6854902617053034, -2.540894425553746, -1.9427201680919712, 0.46722050776807333, 2.254241745860571, -2.745445428828283, 1.3112432117914707, 0.3251409377488254, 3.1408093546286757, 1.9483957621530574, -0.5407806651756156, 0.005632235139423084, 1.0213902010935692, -1.1227697267486227, 3.133685819100922, -1.3823269374202165, 1.9475115470684345, -1.9787448785477546, -2.1370921506449068, -0.23332132471078657, -2.5829711721355078, 3.064861210531802, 0.7015724675894845, 2.1552357047187645, -0.14453376032998436, -2.878728407619578, 2.585047792582559, -2.930238090632297, 1.0389713182111808, -3.1339139342514066, -2.6569153704743993, 0.8435816913629923, 2.6651441520482693, 0.12261531982445605, 1.4024962540491173, -0.6442605487758359, -0.7655428269784641, 0.1493349392415618, -1.8551440201056204, 0.797729413394866, 2.5228290372175213, -1.330842724845798, 1.1854576614470684, 2.6849605945974577, 0.769097233506796, 1.8086652163755648, -0.12257739274686939, -2.7963285926668138, -1.7615340476708594, 0.2968120057742236, -3.1112752796405867, -0.22699277177885865, 0.3607843235959744, 1.3171078294821048, -2.788586555123479, -2.975030560686889, 1.358759901945444, 1.793743346718234, 1.8794781823360776, 0.0752908249358834, -1.0694445393771117, 1.8681861037064844, 1.8196472282884497, 0.18828967076936362, -0.421036942654178, 1.6296536185281665, 3.054635339932558, -0.660613608332582, -3.0471098646764423, 1.5597613462452977, -0.0675988453505701, 3.1071093823526366, -2.5121239673130558, 2.031040439304089, -0.02779251365082961, 1.7587601280502656, -2.6731325051230854, -2.8088964548636026, -0.6414034676929542, -0.8960121180187438, 1.2751933570253668, -0.7914398722102987, 2.91998233169948, -2.664693880575922, -1.9581417190150787, 1.6905046726429889, 2.878493629058857, -2.793950361573786, 0.49958949272095526, 0.3946081572205197, 2.5813377860154945, -3.0147433628949925, -1.2881191883340677, 1.4803090879633833, 1.4456107061386516, -1.950063710778165, -1.7329776542435644, 1.3872219146434526, -1.8689967166089059]","[180, 181, 182, 183, 184, 185, 186, 187, 188, 189, 190, 191, 192, 193, 194, 195, 196, 197, 198, 199, 200, 201, 202, 203, 204, 205, 206, 207, 208, 209, 210, 211, 212, 213, 214, 215, 216, 217, 218, 219, 220, 221, 222, 223, 224, 225, 226, 227, 228, 229, 230, 231, 232, 233, 234, 235, 236, 237, 238, 239, 240, 241, 242, 243, 244, 245, 246, 247, 248, 249, 250, 251, 252, 253, 254, 255, 256, 257, 258, 259, 260, 261, 262, 263, 264, 265, 266, 267, 268, 269, 270, 271, 272, 273, 274, 275, 276, 277, 278, 279, 280, 281, 282, 283, 284, 285, 286, 287, 288, 289, 290, 291, 292, 293, 294, 295, 296, 297, 298, 299, 300, 301, 302, 303, 304, 305, 306, 307, 308, 309, 310, 311, 312, 313, 314, 315, 316, 317, 318, 319, 320, 321, 322, 323, 324, 325, 326, 327, 328, 329, 330, 331, 332, 333, 334, 335, 336, 337, 338, 339, 340, 341, 342, 343, 344, 345, 346, 347, 348, 349, 350, 351, 352, 353, 354, 355, 356, 357, 358, 359, 360, 361, 362, 363, 364, 365, 366, 367, 368, 369, 370, 371, 372, 373, 374, 375, 376, 377, 378, 379, 380, 381, 382, 383, 384, 385, 386, 387, 388, 389, 390, 391, 392, 393, 394, 395, 396, 397, 398, 399, 400, 401, 402, 403, 404, 405, 406, 407, 408, 409, 410, 411, 412, 413, 414, 415, 416, 417, 418, 419, 420, 421, 422, 423, 424, 425, 426, 427, 428, 429, 430, 431, 432, 433, 434, 435, 436, 437, 438, 439, 440, 441, 442, 443, 444, 445, 446, 447, 448, 449, 450, 451, 452, 453, 454, 455, 456, 457, 458, 459, 460, 461, 462, 463, 464, 465, 466, 467, 468, 469, 470, 471, 472, 473, 474, 475, 476, 477, 478, 479, 480, 481, 482, 483, 484, 485, 486, 487, 488, 489, 490, 491, 492, 493, 494, 495, 496, 497, 498, 499, 500, 501, 502, 503, 504, 505, 506, 507, 508, 509, 510, 511, 512, 513, 514, 515, 516, 517, 518, 519, 520, 521, 522, 523, 524, 525, 526, 527, 528, 529, 530, 531, 532, 533, 534, 535, 536, 537, 538, 539, 540, 541, 542, 543, 544, 545, 546, 547, 548, 549, 550, 551, 552, 553, 554, 555, 556, 557, 558, 559, 560, 561, 562, 563, 564, 565, 566, 567, 568, 569, 570, 571, 572, 573, 574, 575, 576, 577, 578, 579, 580, 581, 582, 583, 584, 585, 586, 587, 588, 589, 590, 591, 592, 593, 594, 595, 596, 597, 598, 599, 600, 601, 602, 603, 604, 605, 606, 607, 608, 609, 610, 611, 612, 613, 614, 615, 616, 617, 618, 619, 620, 621, 622, 623, 624, 625, 626, 627, 628, 629, 630, 631, 632, 633, 634, 635, 636, 637, 638, 639, 640, 641, 642, 643, 644, 645, 646, 647, 648, 649, 650, 651, 652, 653, 654, 655, 656, 657, 658, 659, 660, 661, 662, 663, 664, 665, 666, 667, 668, 669, 670, 671, 672, 673, 674, 675, 676, 677, 678, 679, 680, 681, 682, 683, 684, 685, 686, 687, 688, 689, 690, 691, 692, 693, 694, 695, 696, 697, 698, 699, 700, 701, 702, 703, 704, 705, 706, 707, 708, 709, 710, 711, 712, 713, 714, 715, 716, 717, 718, 719, 720, 721, 722, 723, 724, 725, 726, 727, 728, 729, 730, 731, 732, 733, 734, 735, 736, 737, 738, 739, 740, 741, 742, 743, 744, 745, 746, 747, 748, 749, 750, 751, 752, 753, 754, 755, 756, 757, 758, 759, 760, 761, 762, 763, 764, 765, 766, 767, 768, 769, 770, 771, 772, 773, 774, 775, 776, 777, 778, 779, 780, 781, 782, 783, 784, 785, 786, 787, 788, 789, 790, 791, 792, 793, 794, 795, 796, 797, 798, 799, 800, 801, 802, 803, 804, 805, 806, 807, 808, 809, 810, 811, 812, 813, 814, 815, 816, 817, 818, 819, 820, 821, 822, 823, 824, 825, 826, 827, 828, 829, 830, 831, 832, 833, 834, 835, 836, 837, 838, 839, 840, 841, 842, 843, 844, 845, 846, 847, 848, 849, 850, 851, 852, 853, 854, 855, 856, 857, 858, 859, 860, 861, 862, 863, 864, 865, 866, 867, 868, 869, 870, 871, 872, 873, 874, 875, 876, 877, 878, 879, 880, 881, 882, 883, 884, 885, 886, 887, 888, 889, 890, 891, 892, 893, 894, 895, 896, 897, 898, 899, 900, 901, 902, 903, 904, 905, 906, 907, 908, 909, 910, 911, 912, 913, 914, 915, 916, 917, 918, 919, 920, 921, 922, 923, 924, 925, 926, 927, 928, 929, 930]"
8,555.921037444301,749,"[1.6033272250779582, -1.1472431236462612, -0.2919012173260381, -2.3507757588675444, -2.7937291210750286, 0.4001033016316313, -0.7577695454651396, -2.1511996735168784, -1.1456658505982822, 0.1735056679370934, 1.8916580175915327, 2.696404561166419, -0.3603621609305827, -0.2526414749840542, 1.0958722092578517, -3.006961156556869, -2.4827700451548003, 0.33618921609428143, -2.1520225331966363, 1.5677555092118207, 0.12753040796689258, -0.20271140186976938, -1.867566618176577, 2.518494949284267, 0.19720657742408024, -2.1463955984075005, -3.0389053763426066, 2.1686107597114463, 0.40311048463380333, -3.1407232286501916, 2.92289125301643, 1.3796257424804192, -0.9869303670789501, -2.863317814156552, -0.1471868776392301, 0.10183708870893973, 1.4781528524634964, 3.080745743115, 1.580902769530555, 0.5202978816288066, 2.47531424080841, -2.744021954454361, -2.8126933148872877, -0.7059040976738229, 2.319189863165849, -2.814217701803695, -0.32819793137073106, 0.6033216409135804, -2.4523073891680336, -2.6808224514541155, -0.6515045184842333, 2.358106922918277, 2.3645733500281096, 2.6074776013169596, 0.5155021326045135, 1.0684830358542439, 2.141700339408669, 0.44175272198488363, 0.9291540575532471, -1.778376510408212, 2.497759032637838, -0.07070053585288823, -0.6389516077064584, -2.7652268460590133, 2.261500928584689, -0.003922708511217796, -3.074310833691347, 2.5802210383662088, 2.2662527475852454, 0.5429937515273218, 1.231262948017058, 2.7358093317935355, -2.24552138687943, 0.24974301701090118, 1.1869623962701534, -3.049075180259598, -1.5022312135126632, 0.7565925690610186, -3.0119846407219524, 1.5935332357360643, -0.9527117725864785, 1.1236659214917493, -2.4498768003752045, 1.1822662097914478, -0.5937123881160317, -0.6842770889603395, 2.8534692692998584, 3.1090027530841926, 1.0346310599361577, -2.8793824624355415, -2.659920414224533, 0.5442244485765125, -2.3744859638870306, 2.900627997137574, -2.628365528080636, 0.01965725214599139, -2.0749855441689276, -2.8162002946588505, -1.8377653924623079, -0.5076610743359895, 0.4435440373423454, 2.3500663397552306, -2.265438436679643, -1.4477714511291968, -2.8303737497059265, 2.6280530908993183, 1.6598256614366327, -3.039394104166822, -2.444243339851021, -1.0390135221364216, 0.571656182287099, 0.867720449442681, -1.666762884771994, 1.2434960179849879, 0.12798534842137083, 1.6444642821047746, -2.9687846293904996, -1.1942692776374197, -0.21214205560024285, 2.302591002425591, 3.0674427346082775, 0.26192316634820156, -0.09048891795565836, 2.416999533351518, 1.2242150691574718, 0.2013881904784545, -3.1259624185768864, -2.731232395613586, 1.3853565568823556, -0.48557199673817186, 1.490047420433799, 2.5968030588117283, 0.4782919328468014, 0.17622705556887264, -2.295768531683433, -2.8436439865695844, -1.6520789490861156, 0.5550427117030966, -1.6424659256303669, -3.063504235441845, -0.8515314548195148, 2.317588648948844, -1.4780813471816636, -1.7523319044585777, 0.21903043202958936, 1.0491141105002237, -2.6674510821746344, -1.0538410559266822, -0.08404264853677651, -1.2906164624412417, -2.058449752386161, -0.28694532189024535, -1.1230505978642653, -3.141235472210476, -1.1650069480783662, 0.6385290865284504, -0.026509893225005833, 2.782710532437641, -0.04645819654473065, -0.26239976582656827, -2.6860959835949005, 3.081483127524517, -2.726487248372886, 0.23052431844743315, 0.14780921964808993, -2.7440901724942734, -0.40945716131869997, 0.6568296229914983, -2.611445500831261, -2.549730280913946, -0.1760104250547242, 0.009873158969089111, -2.701482086732296, 0.9027600617620637, -0.5996262231483017, 0.7469262132761625, -1.675035129049633, -1.7867647434584548, 0.3108496078678126, -2.0547390722086694, 2.586414408581679, -2.6283614925156824, -2.151614704729796, -2.6880052021529317, -0.17419753880531885, 1.5217902187746495, 1.4492798417757986, 2.5842139640475543, 3.0216574048368, -0.09207072195254175, -0.018473635491794423, 2.8744496969845232, 0.8594828329378812, -0.23290723024592375, 2.2538377513636534, -2.5887342802432585, -0.48647328153981445, 0.1870963026503215, -1.2698167950559154, -1.2471102478543445, 3.106053970646381, 0.8526050498759923, -0.6398967295891665, -2.9229399716883906, 2.2601874160107593, 0.08076185204760077, 2.2563742355226646, 2.3233943942012116, 1.3110786050878538, -1.7327704766641931, 2.45494794005863, -0.6938774329189462, 0.2793941923579677, -2.4715718887309137, -0.223288157800802, 2.08640723498087, 0.41877680775541437, -2.665840486952631, -1.8388156456938887, 0.6714388930121716, -2.1695410299893947, -2.9848322157551586, 1.8701127814082974, 0.30356904008863783, -2.330019683847833, 2.701274399564767, -2.658681299400267, -0.6587007435958736, 0.8626280767834028, 2.867549684172255, 0.6557514953563339, 0.23271578537383614, -2.4609884365531336, -0.08841224813452721, 0.15763210560102983, 0.5405906764003542, -2.687698988557157, 2.4004675318547286, 1.0230475342927183, -1.0786775654990166, 3.0915325575336032, 0.8968899725992352, -0.39133790103373356, -2.619322002366347, -2.313203477240229, -0.8602051911418516, -0.29222295203714865, -2.915729548595068, 0.4378933886960165, -0.6399619631963512, 0.8476673675378963, -3.0398170208749837, -1.4604492988932793, 0.9337244748561817, 2.873777511315911, 2.9858678722649206, -2.976539140543667, 0.14534683275780472, 0.04296969804150424, 2.04410532507555, 2.221880959334842, 0.2262455574230548, -1.8252503169784688, -1.541213918703329, -1.188621641379622, -0.9327812736740079, -1.6200693159552688, 2.034760019926071, 1.0083725997456134, -0.5502648463534945, -2.444387715741879, 0.6952861733214302, -0.7795112740165057, -1.4902083207186485, -2.987455472291821, 0.16189154347292425, -2.9693221677213346, 2.4449932344123195, -2.29577395677548, 1.1410081586667855, 0.2246271139294881, 3.131762591820908, 0.4740645796551867, -0.03443835054128451, 2.746776758471009, -2.3333761213117286, -0.31016056524622293, -0.7910654789293642, 0.7032561354775713, -2.8687184315411614, -0.531833907475202, 0.012844352812845267, -2.167937476909569, -2.7572663214565565, 3.05703246358424, -0.7712169938939901, 2.618008801979478, 1.9594763055189248, -2.689926168768578, 2.305637824919367, 2.9319248044471697, -2.580234630438177, 0.11353156360160124, 1.8081645629848158, -3.05674206793106, 0, 2.2326585489542397, 0.35114168797249307, -0.12765467878392933, 0.7511233368109598, -2.788871095962954, -0.6508295031688514, 0.27427829924513997, -1.5408283265801797, 2.4796891712792255, 1.2266589840648834, 0.5349465890035333, -2.6738738342464456, -2.580650953669013, 1.7576092868345894, 0.45675875641707786, 1.456775602948114, 3.1201760398697296, 0.7869548991456701, 0.05110804624850499, 1.9795380273871157, -2.1547387266543856, 0.7055304082532801, -1.997357659134598, 2.9197618230610165, 0.4795253911465192, 0.2230636394942974, -3.026047575219356, -1.027761701420679, 0.13187728864330955, -1.3396603208003863, -3.0157121469453885, 2.0752380648981825, -0.5718037805595302, 0.5177564969139544, -3.103976436461028, -2.466376180578208, 0.9780985234801147, 1.303571002404529, 2.9710267019918013, 3.057290550742036, 0.12340040109644505, 2.6117829890277493, -2.689080238091004, 0.7968500408448157, -1.3007859890824325, 1.2400229194463486, 2.093762654950356, -0.3869953223575835, -0.7663655735581851, -3.009992999642909, 0.3419868170053911, 0.7704977332512648, -3.0281927804172692, 3.0982837078225045, -0.7831021702082002, -0.6927386243904878, 2.911951889211847, 1.390358633137332, 0.37655348347707035, -2.8757459454078753, 3.004386562434637, -2.6436026265844657, -0.45663158822062905, 1.6612012051140457, -2.700467398994514, -1.666579468093157, 0.26283688610002126, -0.047347414014749165, 3.0025817775800885, 0.15062563253324754, 0.17750056578231582, -2.3755527413383803, -1.8740151810939953, -0.21814591948970574, 0.828193031669135, 1.3928268465180345, 0.7443162070553874, 0.4918927843983535, 1.7802807007761563, -2.4944378175273854, -0.9837999230826631, 0.6758253866239445, -2.3581910994593955, -2.3224703226663093, 0.7492805428124956, 0.8804203711967539, 2.7288295021443334, 1.4643581863975357, 0.8054012063501761, -1.092721158114467, 3.0610134802880573, 1.1752132681024885, 0.07059981652022194, 1.5901908729957157, 2.7305745491873163, 2.495949948372856, -0.1003773486308098, -2.7032224142672887, 2.794552337004912, -0.9377532266159949, -0.7673725734235497, -2.698945489359925, -3.1118459585613394, -0.03388524055787484, -2.5562635813711756, -2.590491641021828, 0.32397475402765785, 0.1397880268824548, 2.0570050232226853, -1.484903794762257, -0.36164692537883897, -0.1696731103403491, -0.006668451198936618, 2.3313498851558223, -0.04224012319135807, -0.5148554620616996, -2.2255822382614365, -1.6341438355246334, 0.27376087958782824, 2.622500602164319, 2.169645830121908, -0.7957539229188252, -0.04744979102187245, -0.37939281713978346, 2.419176715294825, 0.128141654276077, 1.3658117728225263, -2.7914507477330903, 2.6189685362167174, 0.9314403268835301, -0.6558329574594675, -0.456223946479015, 1.0321294462453519, -0.16034744232096643, -1.0972153760670884, -2.2587884044988713, -1.187759608282339, 1.263410700273004, -0.4331405142390917, -2.4076161165864964, -0.6108767796733491, -0.9725034349699238, -2.517759161537126, -1.889774599609744, -0.12065700573750808, 0.43962491266399434, -3.057653985663713, -2.580118639402003, 0.906156013898591, -3.0194636373692063, -3.072456130112674, 2.0522287122318605, -1.2218813078306345, -1.7504996177418437, 2.477456344688926, -2.784789023767014, 0.9491637794387279, 3.0046554770812812, -1.06855667236247, 0.27407819585063675, 1.0485288416297125, -2.8676248822462593, 0.06560333109767143, -0.8411289167516358, 1.541001358741903, -1.9338477028293004, 0.008128315160486147, -0.6322777998741806, -2.7777862073301125, -0.5033006126356934, 0.1780988217837955, -0.8551081845212561, -2.994527969092297, -1.3575585803454662, -0.2383899372188727, 1.9671218206602876, -2.330160638770964, 0.11531971881127337, 1.1916597259878137, 1.3370004738185388, -3.0779055132061024, -0.1752573916214848, 1.5555192722297637, -2.1613556977426875, -1.2128828938187783, 1.1772722979191308, -2.1859167641073083, 2.74661629223467, 0.34871279426184965, -1.32012653135491, -2.4183742680780456, -2.487481165574815, 0.21090996906187093, -1.0810063346237928, -2.5794730009345783, -1.886234463256069, 0.28394745535898924, 0.44479263351083903, -2.722327489358359, -0.710744970379131, -0.9881659111125212, -2.230182205231871, -2.451616592799995, -0.5844847806343227, 1.0927701277613626, -2.2611736679653083, -1.234248685229988, -1.103019096512669, -0.291778161263834, -2.8506046288990188, -2.0490843939749506, 0.4648134225722946, 0.6210603362979505, 3.0193504419460853, 0.07729775154889468, 0.9944806213067726, -2.846464165484393, 0.4955226425832102, 0.6432151530887671, -1.4278949512893122, -2.74740016628939, 2.1283848483255183, 0.012917065698961673, -1.9564601634738181, 2.881333615897123, -0.1416886751013514, 0.2618072563922342, 1.370658027359764, -2.0420939759793546, -2.1581769450721042, 0.130744988838325, 1.9616389053744063, -2.356361654854134, -1.4499791584168653, -0.04305974987299832, -1.901517427842022, 2.1089384149372936, -0.055566658809373275, -1.7013350683000745, 2.3865248576656217, 0.31977492691790804, -0.7864391142809539, 2.6718082029257757, -1.66128529035455, 0.22971743616956547, -2.7744862687223204, -1.9730636198413263, 1.5259811783550052, 0.8991480041783853, 2.3612773919287786, 2.647486139815549, -2.6881039505039936, 0.6484212324761279, -2.3629646915777824, -3.1222175777232977, -0.23673611030970604, 0.8466583506400119, -2.8647794880872195, -2.9338718406533264, 0.7846051728588193, 0.4070781654134813, -2.377898367686758, 1.5843721072756327, -0.21966292277771504, -0.5341937232714731, -2.3275876903895947, 0.9856319276644925, -0.2526704405906957, 2.2183340631500594, 3.047933951527284, 2.152262213588331, -0.8327223930719688, -2.3760630242131535, 2.7303726266418935, -0.8568890127827355, -1.2204312201387193, -2.9838265927242102, 0.8240730681522894, -0.186053748870989, -1.313807416738962, 2.7325751365804916, -1.6001552276009547, 1.40987927969332, 2.836897859558724, 1.269192168034467, 0.2479455693055525, -0.8977401202020123, 2.538508743161333, 1.9055627849370773, 0.14807180022699257, -2.4114703541232707, 3.0468362788031387, -0.5685666720835825, -0.10338923856227553, -1.921018726548977, 2.9670308023176575, 0.6826926987519004, 0.07290183048731046, -1.4532536596141434, 2.6386346814071806, 0.6457361963700811, -1.0627327886235962, 2.9281913895362095, 0.2885223955278439, 0.5452547776701654, -1.071933240336783, -2.682952560483278, -0.33467781156177273, -0.31242491145273427, 0.33044648603391513, 2.9751202746323675, 0.8499854605134317, -0.5784904733050749, 2.890872852508206, -1.0528031188906222, 0.45228034012970164, -0.033316563610531535, 2.7745997174253247, 1.7016023057801457, 0.41780593634201035, -1.4957192417568368, 2.7420498202526726, -0.22870364797534706, 3.1040017557657693, 3.037555598452947, 0.527200461996242, 0.8608638048390844, 2.938875930502153, -3.04200434705032, -0.9703836480751479, 0.3892879973550677, 2.5328676722487398, 2.7824418318615445, 1.1027146819079998, 0.12649320561341082, -3.1016410504921996, -1.892470480123268, 0.3420476968537874, 0, -2.7731294359747904, -0.3518666135193019, 0.4179814041148352, 1.7180870352827022, -1.1777617106912097, -0.26691898159038874, -1.9223750780468203, 1.0288066548429724, -0.28469632629296504, -0.3169471274183153, -2.893276196690226, -1.1830381787535456, -0.10591885666899861, -0.5639981631252357, -2.195795070237343, -1.2299802618674816, 0.38167496107490545, -1.2171349724528178, -2.2583118382662737, 0.0319159294100945, -0.2788595819038668, -2.6401235221903008, -2.737594008872996, 2.2287599980330497, -0.20296552183802796, -0.757197013324168, 2.1735624697610225, 0.43898002647977374, -0.29393319502616405, -2.5112231273112835, -2.4517184549386717, 0.2215292796181424, -2.0363160681370984, -2.967805464271457, 1.7779557963128245, 0.2604075974426346, -2.1967456619064514, 2.9078348279948147, -0.2068605712757356, -0.1310838128581816, -2.7983145812917427, -2.5661909412720614, 0.5563080263355878, 0.27309521793400066, -2.605842178495422, -0.2923372947191179, -0.32182739959750756, 0.39990667215015585, -2.8689271178090485, -3.053717755944333, 0.05537648633119456, 2.161364510597086, -2.57510353739191, -0.2439541662841085, -0.10328962971949648, 2.200612262187869, 2.47694467104763, 0.1433300859194942, -1.456751047295819, 2.6007674121487754, 0.9829743233808178, 0.1380526397038472, 3.0730508570444326, 2.6789974366205187, 1.0300021853121335, -1.7268842020990072, -2.417491073282037, -0.5811976788206227, -0.1527166271114504, -1.5745983695693506, 2.938412347937362, -1.9079758588043925, -0.2602862607023458, -1.0893581396383394, -3.023984940531491, 0.2820677805896999, -0.3150181449437855, 1.605863422475005, -2.614196869947813, -0.6842567102361952, 0.0592713202392699, 0.9255811149162724, -2.4928260220149827, -0.27412638289409463, -0.9006748604419662, 3.035574483686011, -2.299684304681912, 0.5032611856734173, -2.9794646358153525, -1.864167354213013, 0.7268774149412965, -0.06872887235047165, -1.8849083384643763, 0.5225487172471167, 0.5013114116353146, 1.9140133534128905, 1.572670050806305, 0.8092806871703415, 0.7347333861399132, 0.3671224741772054, -2.0119704726470142, -2.144286396706684, 1.4368434642646069, 2.695444849890176]","[180, 181, 182, 183, 184, 185, 186, 187, 188, 189, 190, 191, 192, 193, 194, 195, 196, 197, 198, 199, 200, 201, 202, 203, 204, 205, 206, 207, 208, 209, 210, 211, 212, 213, 214, 215, 216, 217, 218, 219, 220, 221, 222, 223, 224, 225, 226, 227, 228, 229, 230, 231, 232, 233, 234, 235, 236, 237, 238, 239, 240, 241, 242, 243, 244, 245, 246, 247, 248, 249, 250, 251, 252, 253, 254, 255, 256, 257, 258, 259, 260, 261, 262, 263, 264, 265, 266, 267, 268, 269, 270, 271, 272, 273, 274, 275, 276, 277, 278, 279, 280, 281, 282, 283, 284, 285, 286, 287, 288, 289, 290, 291, 292, 293, 294, 295, 296, 297, 298, 299, 300, 301, 302, 303, 304, 305, 306, 307, 308, 309, 310, 311, 312, 313, 314, 315, 316, 317, 318, 319, 320, 321, 322, 323, 324, 325, 326, 327, 328, 329, 330, 331, 332, 333, 334, 335, 336, 337, 338, 339, 340, 341, 342, 343, 344, 345, 346, 347, 348, 349, 350, 351, 352, 353, 354, 355, 356, 357, 358, 359, 360, 361, 362, 363, 364, 365, 366, 367, 368, 369, 370, 371, 372, 373, 374, 375, 376, 377, 378, 379, 380, 381, 382, 383, 384, 385, 386, 387, 388, 389, 390, 391, 392, 393, 394, 395, 396, 397, 398, 399, 400, 401, 402, 403, 404, 405, 406, 407, 408, 409, 410, 411, 412, 413, 414, 415, 416, 417, 418, 419, 420, 421, 422, 423, 424, 425, 426, 427, 428, 429, 430, 431, 432, 433, 434, 435, 436, 437, 438, 439, 440, 441, 442, 443, 444, 445, 446, 447, 448, 449, 450, 451, 452, 453, 454, 455, 456, 457, 458, 459, 460, 461, 462, 463, 464, 465, 466, 467, 468, 469, 470, 471, 472, 473, 474, 475, 476, 477, 478, 479, 480, 481, 482, 483, 484, 485, 487, 488, 489, 490, 491, 492, 493, 494, 495, 496, 497, 498, 499, 500, 501, 502, 503, 504, 505, 506, 507, 508, 509, 510, 511, 512, 513, 514, 515, 516, 517, 518, 519, 520, 521, 522, 523, 524, 525, 526, 527, 528, 529, 530, 531, 532, 533, 534, 535, 536, 537, 538, 539, 540, 541, 542, 543, 544, 545, 546, 547, 548, 549, 550, 551, 552, 553, 554, 555, 556, 557, 558, 559, 560, 561, 562, 563, 564, 565, 566, 567, 568, 569, 570, 571, 572, 573, 574, 575, 576, 577, 578, 579, 580, 581, 582, 583, 584, 585, 586, 587, 588, 589, 590, 591, 592, 593, 594, 595, 596, 597, 598, 599, 600, 601, 602, 603, 604, 605, 606, 607, 608, 609, 610, 611, 612, 613, 614, 615, 616, 617, 618, 619, 620, 621, 622, 623, 624, 625, 626, 627, 628, 629, 630, 631, 632, 633, 634, 635, 636, 637, 638, 639, 640, 641, 642, 643, 644, 645, 646, 647, 648, 649, 650, 651, 652, 653, 654, 655, 656, 657, 658, 659, 660, 661, 662, 663, 664, 665, 666, 667, 668, 669, 670, 671, 672, 673, 674, 675, 676, 677, 678, 679, 680, 681, 682, 683, 684, 685, 686, 687, 688, 689, 690, 691, 692, 693, 694, 695, 696, 697, 698, 699, 700, 701, 702, 703, 704, 705, 706, 707, 708, 709, 710, 711, 712, 713, 714, 715, 716, 717, 718, 719, 720, 721, 722, 723, 724, 725, 726, 727, 728, 729, 730, 731, 732, 733, 734, 735, 736, 737, 738, 739, 740, 741, 742, 743, 744, 745, 746, 747, 748, 749, 750, 751, 752, 753, 754, 755, 756, 757, 758, 759, 760, 761, 762, 763, 764, 765, 766, 767, 768, 769, 770, 771, 772, 773, 774, 775, 776, 777, 778, 779, 780, 781, 782, 783, 784, 785, 786, 787, 788, 789, 790, 791, 792, 793, 794, 795, 796, 797, 798, 799, 800, 801, 802, 803, 804, 805, 806, 807, 808, 809, 810, 811, 812, 813, 814, 815, 816, 817, 818, 819, 820, 821, 822, 823, 824, 825, 827, 828, 829, 830, 831, 832, 833, 834, 835, 836, 837, 838, 839, 840, 841, 842, 843, 844, 845, 846, 847, 848, 849, 850, 851, 852, 853, 854, 855, 856, 857, 858, 859, 860, 861, 862, 863, 864, 865, 866, 867, 868, 869, 870, 871, 872, 873, 874, 875, 876, 877, 878, 879, 880, 881, 882, 883, 884, 885, 886, 887, 888, 889, 890, 891, 892, 893, 894, 895, 896, 897, 898, 899, 900, 901, 902, 903, 904, 905, 906, 907, 908, 909, 910, 911, 912, 913, 914, 915, 916, 917, 918, 919, 920, 921, 922, 923, 924, 925, 926, 927, 928, 929, 930]"
9,699.7228470739572,722,"[-1.02396042043375, 1.5214612433679464, 0.16188591620517356, -2.3862388624273447, 2.278550277463363, 1.000241421254827, 0.5012719996002609, -1.9129574419033775, -2.853900586310857, 0.8645145514449208, -2.347088556002478, -2.2955696620318906, -0.18841302078439628, 1.2148976820814625, -3.0421537962366325, -1.3508834834531878, 2.3234665743273406, 1.216846996351823, -2.3931956577850664, 0, 0.462177184138993, -2.2905437888964393, 0, -2.9964026886429553, -1.4341677573080953, 0, 2.8159065584258864, -1.468253604549852, 1.404958695129337, -0.06667912618478945, -2.5467375313983087, 0.8812459678806341, 1.0286924688718837, 0.8173430625920455, -2.393110702903265, 1.9532228331303976, 1.3866199947904205, -1.697105822322997, -2.6214077885512257, -3.025550964537928, 1.4100224551426086, -1.1912656136131397, -1.4470325261259809, 1.0543337079402595, -0.9402556013581495, -2.2308236362080063, 2.489267430546483, 1.9290014782614344, -1.5837733421325233, -2.0264721731436413, -2.2919991699262976, 0.8217717266367628, 2.397079183531219, -2.0888824129830175, 2.394862215570018, -0.7033695937550708, -0.7629703762937665, -1.97599793501886, 1.026248902101646, 2.3870093380793818, -2.6869260396151464, 0.2748594546307867, 0.6433134144866124, -2.484545142185393, -2.559685248607427, 2.560454857446095, 1.0003627990499215, 2.2289495349643045, -1.7896007028976424, -1.9969955907929045, 0.5186097806064999, -1.9214340723837642, -2.062649835943625, 0.917575579040891, 0.12695844084273647, -2.3702970536891694, -1.6464839294997604, 1.2126282983607612, 0.2918898600915209, -2.3199380806723067, -1.0113703294217697, 1.0896196495590076, -2.080216834080796, -2.579943418799685, 2.6471000330542025, 0.6259559525418177, -1.8448175939162015, -0.19579920994897326, -0.5128011827429148, 0.5560413571814792, -2.094472219052786, -3.1405642824715696, 0.9402134500644146, -0.4260959287530243, -2.598212289557441, 1.91248397282906, 1.0306927485932678, 2.0731598529697166, -1.4002132955690338, -1.543370146432439, 0.9257764182209443, -2.685518638174286, -1.8014020955125152, 1.286198299028317, 1.2972556316515225, -2.2229788815744294, -1.299088724408602, 1.8499315762278572, 0.6144426896109002, -2.3818427828977966, 1.7075125881037403, 0.6137122402032078, -2.8556647264882815, -1.9159442433956773, 0, 2.7423856366320747, -1.3418284016159907, 1.092513949980849, 0.0596918490320897, -2.3416798709520767, -1.8735728041224624, 0.8099829903633181, 2.599250535079854, -2.3496904281612983, 0.5887727292680011, 1.241689991161528, -1.7564349642009192, -2.0823188604893588, -3.1257996070342107, 0.8382733132604113, -0.805433474209987, -1.714134442998221, -0.5357726620604837, 1.1740693223886944, -3.0350220982636182, -1.761517944983374, 1.4064608904472882, 0.747434020961045, -2.364069144075597, -1.8731228698191238, 1.4668676668632616, -2.0009327802382932, -2.468731097421834, -1.6894085573193371, -0.3271909335470971, 0.20297518739698725, -1.9981858597047673, 1.500953527976801, 2.0939570939931897, -2.7382668270105257, -0.6057512229573768, 1.013338071937079, -2.287444793860826, -3.000582662906654, 0.9194107067837771, 0.9629797188546758, -0.8965877698498552, -1.947728121690581, 1.3596337218866204, 0.8640535383159024, 1.8802612438751096, 0, 0.20535728331127898, -1.5440279230022744, -1.6767633021644, 0.3543829154317744, 0.6445057375405365, -2.5674337496243185, -2.664193989617916, 1.198399408711791, 0.5502041502171585, -2.7854588849422144, 2.6773027544504995, 0.6271664668576938, -2.512715763878153, -1.2212276609276629, 0.9827733218011564, 0.7263078070060597, -2.6586065555952736, -1.755343517947339, 1.1562973509887562, -1.3970297914770637, -3.0456893078009113, -1.620601730646164, 0.7021407436840706, -1.3863981523777487, -2.1261865962566184, -0.07379358757063291, 1.1832480147036444, 2.173111404344781, -2.563442715738039, 0, -2.3621114366385845, -2.0603577378745563, 1.7037148278105927, 0.7012107224327482, -1.439927321206512, -0.9015089802880487, 2.565828353202023, 0.10490454163126325, -2.313795368995929, -1.8445744804422715, 1.2326592508160112, -1.2331765548842264, -1.665274337133095, 1.7875486925173953, 0.5813553235327767, -1.1137445278078157, -1.7667547182270757, 0.9022112619640774, 1.4165297680174906, 3.110808759594135, 0.4174602672141892, 1.5101885226409097, -1.1829127250844818, -2.789665785276217, 2.890702870634548, 0.5120074511596678, -1.852667483717641, -2.287236400402732, 0.6308338210239476, 1.1183141416699658, 1.8388438172402528, -2.009845210689072, 2.7162001547472228, 0.655732685368339, -2.66867190106829, -0.6168838155757855, 0.8590893629312822, 0.9388481437134102, -2.2694176422819288, 0.3965592636215537, 0.7565896912307299, 0.22438230701765574, -2.1572045473505628, -1.1999043073873756, 1.382968859538179, 2.0539451018500277, -1.3090158108075647, -0.7828487884131825, 0.787891581812988, -1.4518910104007805, -1.1470673139010854, 1.4292775639001227, 0.5168358636866224, -2.351982324990066, 1.753774460127108, 0.6244627908349007, -1.2096070520303293, -1.6294932998466296, 1.9791335100331933, 2.4359744587344134, 0, -2.3347533916009113, 1.1957395052939115, -0.31265608659288135, -1.214177567738052, -1.8778763858175211, 1.2758266274244008, -2.8527514352380625, -0.07958093300922722, 1.1658663290739113, -0.031033908599913635, -2.2278400509855687, -2.0747902923992823, 1.1301092367351964, 0.5995835604781248, -2.278193929575834, 2.7361991031200894, 0.7322997849802741, 3.042416704350596, -1.9875417171296468, 1.6181795675169968, 0.44685425893206526, -2.256906976254401, -0.006995444738134193, 1.0716387583757867, 0.007444164067170008, -2.110397757210991, -1.030264315771091, 0.7085783914365681, -1.6873097808786697, -2.4056786227011964, -1.1495842214781222, 1.0148659777660427, 1.2241227629915346, -1.2969134060777305, -0.6393055562307107, 1.1029314399607588, -2.6873337420642636, -0.08649034726388927, 1.4404259948342808, -0.4695964764133557, -2.3258575762425013, -0.8762019678115012, 0.831998005827491, -1.694335944867197, -1.82809833604975, 1.3459561037916377, 0.3638275122653731, -2.480363182695386, -2.1907546593151572, 0.5061431947074251, 0.3925340863828943, -2.4491477696097927, 1.5365884152142246, 0.7971048010377549, -2.0931319144376386, -2.103692446202192, -1.513707574471865, 0.8924794608057752, -3.019440592379505, -2.1243688440752195, 1.416364013484195, 0.9634631322631535, -3.1129609919055308, -1.8130174515708402, 0.42380947468659547, -0.3434396958151609, 2.9099103336701533, 0.4638345682030948, 1.6080448514133203, -2.365646273479097, -2.2279584354416437, 2.5031366717371752, -0.13215639860393538, -2.5175353996131102, -0.6964922984456305, 1.3344732212685482, 1.0396839302815974, -2.1764474115731627, 0.8856903472004001, 0.26163132922104454, 1.31273001796319, 2.847158923404184, -2.373896840360751, 1.2813996120766684, -0.3620099764141415, -2.6110105523613893, 0.3854497184706856, 1.009562823271276, -2.926400830556065, -1.8105154462699735, 1.1346993582549458, 0.16948848808477016, 2.544375873628955, -0.9574274656406401, 0.8774902752465429, -0.9232304882147674, -2.1728215936674427, 1.9308132491565646, 0.2701154297453234, -2.896402772614854, -0.8978565444055212, 1.5314521034790642, 0.14975014384277718, -2.1860766939346705, 0.09365564716690535, 1.0794736497948805, 1.0346101703524624, -2.48018892476703, -2.979334601048728, 0.6897001986264683, -2.496613269014862, -0.7932438553559904, 2.1828754167715756, 0.08544865355186419, -2.669287184814179, -1.6317156922168978, 0.2331473899607598, 1.5668929268996585, -2.1553074410651365, 1.7272526658083847, 1.7250008477380465, -0.23217549294687176, -1.8950772914897471, 0, -2.049192340900189, -2.3256244283743777, 0.21490866822346041, 0.6528911524544921, -2.8079973553805324, -1.9690683085454173, 1.0021185806314392, -2.5685018400669044, -2.964650251467659, -1.3978819379483738, 1.2889212861766475, -0.8070272078770188, -2.4079242204461337, -1.5907982632819864, 1.04395597762527, 0.5748628145979455, -2.3933693121414796, 0.6912723987269075, 0.5683907930783294, -2.7749495536864948, -0.9618195182435582, 1.24186195381044, -1.9113861279401225, -3.023278209952091, -0.4410329672049415, 1.2597021432837734, -2.447306853806236, -2.039945943466377, 0.419879572124354, 0.08875346603576759, 3.04392209373978, -2.1775804529537, 0.7947623435474802, -0.8234213284969688, -3.077253529831078, -1.9760012910947478, 1.235514947812816, -1.0582460485962621, -2.122095712346935, -1.3150425489410682, 0.7523760982710787, -0.32719569772905704, -2.3429214483958227, 1.0839955772882484, 1.2720204837595965, 2.8151856633752885, -1.6402438367671792, -2.553267167493315, 0.9574881656856624, 2.7558738680816908, -1.0214359574085197, 0.6591419213515329, 0.07865244417359583, 2.9346480064544576, -1.855362782792132, 1.2106268315005446, 1.203812893868506, -2.6005838378125112, 2.1409533147328865, -0.45846112064698125, -2.6009831092070077, -1.8274678367619877, 0.9319223631817594, 0.9509439531694307, -2.048679225599963, 1.122650674062762, 0.4423638438792983, -2.15814972645998, -2.460478681057236, 0.5371309213129096, 1.7188309514007913, 1.2776090166217122, -2.425142038314806, -2.2066029200825312, 1.279556103817552, -2.9721419306260906, -1.5674143011801442, -0.20286494578753542, 0.3815137814425028, -2.5064203853376394, -1.422100172695361, 0.7018123266144656, -2.510029245299998, -2.4970473023367705, 1.536557632663973, 0.7676427786623471, 3.0242087553241124, -1.6253021623242399, 1.1649405452871888, -1.6784667430838043, -2.305609965135437, -1.0700237841227065, 1.2224013537612497, -1.1947027899909082, -1.9342804786958248, 0.03990380145759603, 1.0116712811893227, -1.2981652818951845, -1.0319973802385245, 0.8259627907228031, 0.5570744225909401, 2.437462748578624, 0, 0.734042765144134, -2.2553477528958985, 0, 1.647146707297462, -2.3738305032869356, 1.0689299380087334, -1.7532831782789176, 2.647651511049502, 0, 0.898964372634669, -2.384244961456771, -0.3234705079020798, 1.2865980742592464, 1.2636451778970827, -2.4274931867091176, 2.503685649148899, 0.6723389174302951, -2.1136198880691914, -1.4569546238307582, 2.8029009225916495, 0.8857959334635713, -2.7117470770396284, -1.9628580004747505, 1.531700340619878, -0.2775437877960777, -2.238337430353266, 2.1736006050256194, -2.4047259268788435, 1.6471006002307054, -2.0485072028854474, 2.17147451548841, 0.46518153526386713, -2.537949176725907, -1.515715481899157, 1.5739768118940685, -1.3067644861533385, -2.8472182442734155, 1.1402746696487935, 1.0245262417208951, 1.2396063515053721, -1.588568024105525, 0, -2.1380189428158394, -2.0279698757574383, -2.2039338860086626, 0.6537690296519829, -2.0778096641752057, 0, 2.4950272610270265, -3.087339480763596, 0, 3.125611820192567, -1.7715925678798037, 1.1904707485961663, 0.8183751272322968, 0, 1.2426579588149833, -2.7775603799878743, -1.6349857867432052, 0, 2.5273045449031777, 0, 1.0782995545727723, 0.6841011658998059, 0, 2.968989497309052, -1.0608582186522255, 2.8609192009564826, 1.1141184267369282, -1.8530090577117195, 1.2832328270226279, 1.3364671629666047, -0.17383838111754135, -1.4161296896442601, 0, -1.8571792119952077, 0, -1.1624968924101406, -2.2799271661302725, 0, 1.9659457069397173, -2.1462751492958025, -2.517127957181955, 1.1167840792757189, 2.2574773123354857, -1.9566312102008074, 0.9533439170558913, 1.2665958884048467, -2.587018899356804, 0, -1.5646019452795503, -2.0419549054716852, 0.02467150768453034, 0.12871403615514582, -2.624951776600033, -2.112744060291242, 0.1148318953295527, 0.9218175669363514, -2.7637127367130527, -1.389754237592814, 0.8540105429496557, 0.1528432133823812, -2.4167780024369465, -2.0611375574412767, 0.9878133035842883, -1.6374998530326519, -2.2072659587040326, 0.5225038177843797, 1.2451520007707582, -1.701449160583241, -2.509003550646297, -1.131588142737722, 0.5878941564783691, 1.0462546427183734, 0, 0.2659024532902585, -2.0181500180044623, -3.0315728217757583, 0.20757147807007872, -2.396279792154505, -2.4939285298951024, 0.16963523912196152, 0.940525668217732, 1.6969583802032917, -1.5367636296132046, 0.7661884264577109, -0.5083425470679493, -2.454110883929081, 1.9791666867699105, 0.5544864780138451, 1.1953203841940065, -2.3966661844129122, -2.330086534397029, 0.8742819725573547, 2.8922688825685015, -2.0503497361026057, -2.066386608680046, 0.649437289342873, -3.0940457520848272, -2.2032788285771554, 1.05386268768201, -3.0344728024455634, -1.6494316234353892, -0.9310356702091224, 0.3936062806282432, 0.7094596590934842, -2.474793027178614, -1.162527322531847, 0.7540873907824672, -1.34484831710529, -2.4261197203402416, 0.6240217699953683, 0.1611522543045544, 3.095026085526532, -1.3622505436415804, 0.8861371035089882, 0.3559247474829322, -2.6427759274680893, -1.1071417749030659, 0.964651130418271, 0.2442869447081475, -2.436428760761395, -1.9232248543770887, 0.5812089177150807, -1.836692925372722, -2.4457004025195728, -0.14088152640890816, 0.92015985981815, -2.406267297890695, 0, 0.6512395418314189, -1.9864699974848252, -1.109593974905481, 1.0358312174287694, 3.0029166114650865, -1.7211550652757326, 2.3465481153786882, 1.0570218754382135, -2.6808693902960954, -1.0558346052519962, 0.8496890423332134, -1.3709461431464782, -2.4651351651164846, 0, -0.7857426297734996, -2.3356948465206453, 1.4573107316226093, 0.8263145333843176, 0.12807047039492808, -2.099546597227371, -2.4660445751916966, 0.6579555826902076, -1.3710188567122006, 0, 0.2429707918735166, -2.5647299069114613, -0.5351871710228445, 1.4681568569086452, 2.8564478942808855, -2.2309765347252735, 1.6023568143154243, 0.5147245702263119, -1.97545042957376, -2.556957066435278, 0.8851348980678269, -0.7570546925011369, -2.6256278354967355, 0.5114232369591719, 2.184681170888941, -2.490153618544023, -2.147052419322597, 0.549824171589329, 1.3402602647867756, -1.7641292328285958, -2.388720617398864, -0.05424023088949807, 0.8049832658819956, -2.33078551995384, 0, 0.06748662928097407, -3.0067070665082962, -0.5413202517199919, 1.0713871898841918, 1.571642186410354, -2.0606671808219703, 0, -2.3943038027894255, -1.5321246504792736, 2.242175418700989, 2.723651763024929, -2.3759413832382505, 1.8405224403065608, 1.5027230143810804, -2.2590523251249306, 3.062197275978423, 2.2276009800429484, -1.6815969995583535, 1.3396072823678453, -1.8250132628540745, 1.0574855996083377, 0.9414627459190554, -3.0532131606161843]","[180, 181, 182, 183, 184, 185, 186, 187, 188, 189, 190, 191, 192, 193, 194, 195, 196, 197, 198, 199, 201, 202, 203, 205, 206, 207, 209, 210, 211, 212, 213, 214, 215, 216, 217, 218, 219, 220, 221, 222, 223, 224, 225, 226, 227, 228, 229, 230, 231, 232, 233, 234, 235, 236, 237, 238, 239, 240, 241, 242, 243, 244, 245, 246, 247, 248, 249, 250, 251, 252, 253, 254, 255, 256, 257, 258, 259, 260, 261, 262, 263, 264, 265, 266, 267, 268, 269, 270, 271, 272, 273, 274, 275, 276, 277, 278, 279, 280, 281, 282, 283, 284, 285, 286, 287, 288, 289, 290, 291, 292, 293, 294, 295, 296, 297, 299, 300, 301, 302, 303, 304, 305, 306, 307, 308, 309, 310, 311, 312, 313, 314, 315, 316, 317, 318, 319, 320, 321, 322, 323, 324, 325, 326, 327, 328, 329, 330, 331, 332, 333, 334, 335, 336, 337, 338, 339, 340, 341, 342, 343, 344, 345, 347, 348, 349, 350, 351, 352, 353, 354, 355, 356, 357, 358, 359, 360, 361, 362, 363, 364, 365, 366, 367, 368, 369, 370, 371, 372, 373, 374, 375, 376, 378, 379, 380, 381, 382, 383, 384, 385, 386, 387, 388, 389, 390, 391, 392, 393, 394, 395, 396, 397, 398, 399, 400, 401, 402, 403, 404, 405, 406, 407, 408, 409, 410, 411, 412, 413, 414, 415, 416, 417, 418, 419, 420, 421, 422, 423, 424, 425, 426, 427, 428, 429, 430, 431, 432, 433, 434, 435, 436, 437, 438, 440, 441, 442, 443, 444, 445, 446, 447, 448, 449, 450, 451, 452, 453, 454, 455, 456, 457, 458, 459, 460, 461, 462, 463, 464, 465, 466, 467, 468, 469, 470, 471, 472, 473, 474, 475, 476, 477, 478, 479, 480, 481, 482, 483, 484, 485, 486, 487, 488, 489, 490, 491, 492, 493, 494, 495, 496, 497, 498, 499, 500, 501, 502, 503, 504, 505, 506, 507, 508, 509, 510, 511, 512, 513, 514, 515, 516, 517, 518, 519, 520, 521, 522, 523, 524, 525, 526, 527, 528, 529, 530, 531, 532, 533, 534, 535, 536, 537, 538, 539, 540, 541, 542, 543, 544, 545, 546, 547, 548, 549, 550, 551, 552, 553, 554, 555, 556, 557, 558, 559, 560, 561, 562, 563, 565, 566, 567, 568, 569, 570, 571, 572, 573, 574, 575, 576, 577, 578, 579, 580, 581, 582, 583, 584, 585, 586, 587, 588, 589, 590, 591, 592, 593, 594, 595, 596, 597, 598, 599, 600, 601, 602, 603, 604, 605, 606, 607, 608, 609, 610, 611, 612, 613, 614, 615, 616, 617, 618, 619, 620, 621, 622, 623, 624, 625, 626, 627, 628, 629, 630, 631, 632, 633, 634, 635, 636, 637, 638, 639, 640, 641, 642, 643, 644, 645, 646, 647, 648, 649, 650, 651, 652, 653, 654, 655, 656, 657, 658, 659, 660, 661, 662, 663, 664, 665, 666, 667, 669, 670, 671, 673, 674, 675, 676, 677, 678, 680, 681, 682, 683, 684, 685, 686, 687, 688, 689, 690, 691, 692, 693, 694, 695, 696, 697, 698, 699, 700, 701, 702, 703, 704, 705, 706, 707, 708, 709, 710, 711, 712, 714, 715, 716, 717, 718, 719, 721, 722, 723, 725, 726, 727, 728, 729, 731, 732, 733, 734, 736, 737, 739, 740, 741, 744, 745, 746, 747, 748, 749, 750, 751, 752, 753, 755, 756, 758, 759, 760, 762, 763, 764, 765, 766, 767, 768, 769, 770, 771, 773, 774, 775, 776, 777, 778, 779, 780, 781, 782, 783, 784, 785, 786, 787, 788, 789, 790, 791, 792, 793, 794, 795, 796, 797, 799, 800, 801, 802, 803, 804, 805, 806, 807, 808, 809, 810, 811, 812, 813, 814, 815, 816, 817, 818, 819, 820, 821, 822, 823, 824, 825, 826, 827, 828, 829, 830, 831, 832, 833, 834, 835, 836, 837, 838, 839, 840, 841, 842, 843, 844, 845, 846, 847, 848, 849, 850, 851, 852, 853, 855, 856, 857, 858, 859, 860, 861, 862, 863, 864, 865, 866, 867, 868, 870, 871, 872, 873, 874, 875, 876, 877, 878, 879, 881, 882, 883, 884, 885, 886, 887, 888, 889, 890, 891, 892, 893, 894, 895, 896, 897, 898, 899, 900, 901, 902, 903, 904, 905, 907, 908, 909, 910, 911, 912, 913, 915, 916, 917, 918, 919, 920, 921, 922, 923, 924, 925, 926, 927, 928, 929, 930]"
10,512.5902918652052,721,"[-0.5955581475796515, 0.19605979326697306, -2.253376658111962, -0.7901298726295822, -3.1114543567448725, 2.2564905896625187, -2.6180282747943138, -1.6967810316900012, -0.504696356831442, 2.5854065432304796, -1.1283213090929598, -1.2350148073012766, 1.9582305148200196, 2.461412704406943, -1.4301891708878949, -1.1364626368135802, 1.6484306830413058, 2.3997754428625866, -1.7135586641483542, -1.6870159716360706, -1.6100721191353942, -3.1251455036699256, -0.7837264710552164, -1.7129738998937045, 2.204482580616511, 0.7414864754881331, -0.7193999939769075, -2.4616330100074997, 1.9427248382813533, 1.630670410666136, -1.5842131183999004, 1.3014090252993085, -1.4974278338415956, -1.863468474997576, -0.3003518295777906, 2.2641521970246083, 0.4442074212201726, -0.7052197888648651, -2.032972417517014, -3.0554934730844026, -1.3088648951226685, -1.4774508892869944, 2.887336527692166, -1.1626452021978548, 0.37127602908980256, -1.628225858234919, 2.0554322858640424, -2.5770279756438774, -1.9399518909957214, 0.8537958308116342, 0.8191588149630148, -1.6283008200347995, -2.539155600521257, -1.8480456408027026, 2.4457672001719204, 0.724783365720966, -1.3335062663154789, 0.3502771776465951, 1.6796033482146049, 2.8288722519304565, -1.2941338000121216, 0.8469609199760818, 1.560017705161257, -3.0366264476702107, -2.7850335635059325, 2.1656669147983756, -0.22530840905838156, -2.0994277500195406, 0.013311665939562787, 1.3057588212469942, -1.6704519489927863, -2.498795519740965, 2.3380475273954695, -3.051945608336942, -1.6831072644136185, -2.019317555945189, 1.1023332368393965, 0.8859166698584112, -1.0943431596898425, -1.8267853845192192, -2.676895841048503, 0.8296293630109006, -2.0620047553905807, -1.4719901956045802, 1.7794202997348798, -2.653106710553258, -1.634029517570906, 0.42289474384914305, -2.3677481002618337, -2.5053575327896587, -0.47635424833257056, 2.482748453668492, -2.0832507462053065, -1.2921409205505918, -1.1025620584883689, 1.9772028925212317, -0.2292946242728978, -1.339162834839867, -1.891611523739413, 1.885250836651532, 1.6046640190734842, -1.9897763344484842, -1.5136133804630192, 2.924809668715353, -1.0196158815573524, -1.800162490800145, -0.9931802931411855, 2.4242265015283144, -2.685109351350991, -1.5744051301733633, 0.9763855988595351, -2.3550812009869833, -1.6688064867611874, -2.9119297741528407, -0.559935743948295, -1.5847254564064925, -2.43456915204438, -1.7697401335577172, 2.855029333037267, -2.460419709165563, 0, -1.6817349908639248, -1.3892585210457318, -1.394948161722559, 2.715131044942122, -2.044571537485493, -1.7202824803950691, -2.5257731053179593, 0.7606448703572075, -2.9798978367924844, 1.6314716754106051, -1.7039884665036864, -1.03345143605707, 1.8081435522032359, -1.0080843426532304, -2.7868616892435516, -3.002259492140861, -0.35281493977848466, -0.9570390478231072, -0.09781936222848457, -2.760509803390468, -1.299941516069908, -2.181018561060904, 2.8134824571915544, -2.018586025358042, -1.6053577199097588, 0.21427560873679727, 1.3814816408564623, 0.923560800940819, -1.9003472612456986, 1.9021091201500615, 2.4546194651430833, -1.3562877241773306, -2.7975999601370356, 2.5526391976285625, -2.2418644565675994, 1.061199142446741, -2.893942377633372, 0.5714512737687507, -1.872163111821812, -0.6494376969827137, 2.8701523568062846, 2.9567414718793223, 0.4666307075172656, -1.3063463945395266, 1.8799717334496229, -1.1617770474192362, 2.7812738240785793, -1.2666427199084305, 2.3475380851239502, -2.4763604365403267, -2.0109223958394247, -0.34643947496110145, 2.9298083506934978, -1.956241900596282, -1.0086878694998416, -1.0108869792687523, -1.9964500022874023, -1.9088275293325354, 0.32161371463832594, 2.0821025777161566, -2.442883068741022, -1.2225331597437377, -1.1295017184780907, 2.5216670972556963, -0.8515979595501352, -0.1342930259881186, 0.34250689290474684, 2.6841157126821624, -1.575620660202948, -0.30114170236452903, -2.114290349316746, 2.053804847954095, -2.516235317886218, -0.47855686386674956, -0.8942601795629269, 2.321191781845974, -1.4129411665392984, -1.2396274197486812, -1.8636320091884746, 2.976343194438096, -0.6665736817282525, -1.8036458216737903, 0.07729450712168662, -2.110635770225746, -0.8416470950344137, 2.2267069207413055, -0.9589081388885189, -1.4800010125907834, -0.22433362904988627, -0.2542223480773068, -2.4978813041451833, -2.4526702053979745, -2.6732158947251143, 2.9640350531690216, -2.7620548026747667, -0.6951001393784639, -1.4527599035318581, 0.7780668491569668, -2.84769315744785, -0.7487257992929235, -1.1507259493804165, 1.2912340106195122, 1.6484470442524914, -1.638891393383319, -1.875749500262538, -2.771705034465606, 0.614359880164468, -0.23688582462215632, -2.4304940894008316, 3.069353414294149, -1.7970653917424746, -0.5685221502818596, 1.7762069308548611, -2.523931362464742, 1.8173342592875565, -1.097330442350585, 1.739458959312939, -2.930208476543943, -0.0078316501422125, -1.3178574121895703, -3.034044636674986, 0.32482645026986073, -1.7807885294852608, 1.6682535079736356, 1.866806227236265, -2.631015214311851, -2.358501031367864, 2.9939993434960344, -2.9220311153120058, -0.8859532113445574, -2.8554935848050933, 2.1995780790491777, -2.0743229312542004, -0.8451499851782881, -0.8935025427219631, 3.036046963582033, -1.8839610871280714, -1.6820108994161056, -1.6665781581886312, -0.4879005726487604, -2.1985401489795673, -0.6282955311038199, -1.3144832748398951, -2.9479447371541756, -0.9713141639242866, -1.38383535770504, 2.026454204814393, -2.1045502750707423, 2.7273355748350028, -0.29046409043756977, 0.7563701878657685, -2.117726575347043, -1.5625998131312524, 2.2984630616648194, -1.1923029458241918, 0.21681621645657417, -1.6241231344840037, 3.076229913059164, -0.7345369693274012, -1.3353464870096108, 1.926919569593672, 0.7260453070434868, -2.185080700751372, 0, 1.4727979321803837, -0.4136820005519835, -1.5771309853642324, 2.5968919869161446, -0.11444897989252886, -2.8253575336820567, 0, 0.2243201973614327, 0, 0.56598173799369, 1.5665922455478518, 0, 0.1688602474463288, -1.5635128575879895, 1.3176627961743188, -2.6738126503882826, 0.45236477959236393, -1.0279022021342916, 1.545909142077564, 0.8263141844890222, -1.789278957490787, -0.5378800122478364, 0.7677245129707712, -1.5373794200314954, -2.1601101693849585, 2.868329941126751, 1.8184972181836783, -2.8658400701957887, -1.5033274494851505, -2.622639006526923, -1.7727477841566863, 0, -0.35730180831913216, -1.6898658261452242, -1.561075599456103, -1.3668245717666399, 0.8575422806738958, -1.0566569385907345, 0, 0, 0.13167860068328915, -2.5537842018018306, -2.9951075331241896, -1.9160845907162636, 0.8173230906151638, 0, -1.6137798116871431, 0.8635813854708149, 2.9998933435304025, -2.4642000279349774, 2.0253658872879434, 0.9777811102013761, 0.5776333578151157, 0, 2.4663039407122627, -2.592621542025786, -2.389616695034779, 0.6708034649656961, -2.768351628924889, -2.117650042333463, 0.4488442186864149, 0, 0, -2.355859558429021, -1.073344325746459, 0, -1.8802073894427895, 2.9008173636894, -2.8510607811841275, -1.3243629533710026, -1.2237560188371859, 0.6077963591569151, 2.9217413715178533, -1.3973538017368652, 0, 2.9720063404315282, -1.6486371212089064, -1.5842960790538887, 1.6062047221714857, 0.05263741272423723, -1.830401754974299, -2.8350898454901357, -1.8948484355197868, -2.627603944360689, -2.00727613114099, -2.030674712061318, -2.18006489193087, 0.09880045791905413, -0.9437982260953774, 2.0213231479546536, 2.527990917803177, -1.0998577431825824, -1.2974272671736276, 3.1129954731902263, -1.9674467178176585, -1.4111308217727057, 2.713372681715001, -0.4343395335075021, -1.1594888124832063, -0.8890953449977219, -2.373130244271222, 0, -1.1785119726896773, 0.3094032441397049, -2.6518262252626332, -1.9816917222052646, -0.9127822613227886, -2.268543206223723, 2.3759858781411953, -1.469104716246266, 1.7303627657903102, 3.106179083854196, 1.575116807525648, -1.1370644098877032, 0.7536696435860541, 2.490404206586933, -2.3771876003089303, 3.0402229700720356, 0.81835042949909, -2.742795494164836, -1.425357836203294, 1.94525330536108, -0.720161166330047, 2.4193738138240164, -0.4960834123135469, -2.550521294566825, 2.367295544536347, -1.3744383039628438, -0.9263629977252342, -2.6517764377085444, -2.125204505537645, 1.1408445458317995, -1.3613329749771135, 1.1747876695928579, -1.5056902678441846, -1.542456187810803, 2.080304976362087, 1.2794163116246622, 1.0369239741443361, -1.2711822886997757, 1.8727723509744523, -1.9184198927595644, -1.0321132696287862, -1.9353686100065293, 3.1310907624867577, -2.3234341470153783, 0.18715424528336233, -2.4795838091822433, -2.431904888146844, -0.8768474131212038, -1.5162584031259017, -1.2007472846121372, -2.975603549413571, 0.7495500134965513, -1.505400113916375, -1.8275738796717496, -2.470206777331436, -2.650932655593343, -2.319770738741229, 0.24253858530300107, -0.3312117537058753, -1.7289400667877557, -1.1270550137324296, 2.9590787623298684, 0.3058463405346536, -2.158961317780241, 2.5924814534658953, -2.81562888016345, 2.4185892462499026, -0.06947538036796393, 2.763782990131101, -0.6655496855954398, -2.255153125861128, -2.895732431914028, -2.3105107672179312, -2.9773209029126364, -1.6434669815974003, -1.030092691064919, 0.8181033398088613, -1.886793678043575, -0.39915520167822377, -2.1126976913099402, -2.289213985553019, 2.5087356278616957, -1.1518583907991864, -2.463391271557631, -1.1893333476472, -3.064166708535135, -2.2240882612047868, 0.7404038818663754, 1.894800054159748, -0.9992426010301337, -0.186236065864227, 0.11541391815985101, -0.5266803995826198, -1.9373912642843858, 0.9322062002158112, -2.831619317554513, -1.015467944778551, 2.9834224336369184, -0.26087064947841354, -1.3406970990828766, -0.151364707539329, 0.7564571267049248, -2.6156365494340754, -0.27413367714459824, -1.5483454750727876, -2.696602065106687, -0.5203859594760415, -2.4382283245370857, -0.803200592303002, -1.9366367083951563, -0.8697616854528354, -0.7276722143436894, -2.5831736755761487, 2.0051022102837175, -0.10185740471569697, -1.8046870455636435, -2.70585338121866, 2.822992649086246, 2.971266738513218, 1.2694574855573812, -0.6134698055624845, -1.9962427494904456, -0.4899112502658669, 2.4794090719335924, 3.1099804735825143, -1.3503139281572516, -0.4532908874180815, -2.448519213629628, 0.8122498673149123, -0.4033901494949087, -0.5412536953378113, 3.1060340505531387, 2.3674494545373976, -0.7005142838314444, -1.7073720033018278, -2.309506153051226, 0.23107586791215506, -0.9891436686391348, -2.001093114272589, 1.6852907197237683, 2.1367578105614746, -2.5902365088227817, -1.6160541870374436, -2.3471320266339597, -2.1846398553966857, 2.826929733928437, -1.4157444432535908, 0.43696478463672195, -0.574936424811633, -2.6044281032006484, 1.553538106048912, 3.127336410201046, -2.354805629675575, -0.2094456164830464, 0.5249585256709711, 2.9092363051115844, -0.1133089179961995, 1.4144360173763137, 2.9458432583655942, -1.2424961868254327, 1.9705333196082253, 3.1127563142303334, 3.140023524670747, -2.1681003775149854, -0.3668398225346061, -0.7368208701140472, 1.9189304244492433, -1.840222923417777, -0.7154428852416346, -2.303498747465266, -2.3947905956347397, 2.1054926603352184, -0.769605620035196, -2.6617316439608074, 0, 0.07479141174347882, -2.1151376523676655, -2.3628370064843733, -1.3081809206739383, -1.6808551378521077, 3.112602549636066, -1.3249599856684966, 2.4843681667177027, -1.9256122677760337, 0.11686147392450354, -2.546059069464301, 0, -1.8448252656335646, -2.7779430435477206, 0, 0, -2.394851846711033, -2.0438995872008103, 0, 1.5468533988450013, 0, -0.627136279493324, -2.4413889644188242, 3.1023348542230607, -1.3784367747339652, -1.4339567534206152, -0.5803234979414573, 2.1141670568746105, -2.0973074383154127, -1.6970152206442553, 0, 2.173509196246318, -1.9146944422620655, 0.26850388336522607, 2.481943146845563, -2.082578417008141, -1.0723925600278978, 2.1634170858359187, -2.1929856699537886, -1.8390101541006403, -1.450697839054035, 1.2881208309717425, 3.105099108065302, -1.2622792983110074, -2.103535208969898, -2.055055759431261, -1.5196412602005782, -1.0629244652093008, 1.8312941804157177, -1.2662791830397468, -0.7286062829223034, 1.740226568293142, 0.34231855921985693, -3.038667588738213, 0.42296266858837783, -1.0713109688244986, 2.2698390502477697, -2.326977739290337, 2.302069926199636, -1.09020174750163, -2.9395858578752, -1.8072764709322624, -0.7932606434500995, 0.2646679736107915, -2.7948726373374018, -2.0598572027724025, -1.341896721231401, -2.2241752160815484, -1.8060016475057596, -1.156192399182568, -1.177303727282679, 3.1226175336135498, 2.0514446908554946, -1.4678343738729276, -1.6903329681428145, 2.7448176292253046, -2.9623748107207906, -1.317915125564227, -1.5803841594295949, 1.9640052821405194, -1.8295016868433642, -1.6707654859920424, -3.0007377152020362, 3.047477828948667, 0.7132182061315041, -1.6989612278014068, -2.2964148632577044, -2.328388457632742, -0.5312654238353786, 0.989979019640747, -2.460126492979418, -2.603190818626653, -2.869355645107268, 2.183434464297042, -2.188291771880559, -1.8394897851385041, -0.9624602811859464, 2.206726578249054, 2.4552938609912904, -1.489442993391309, 2.0577418388037905, -2.2074963697684784, 0.2460783782522022, -0.8110993112302209, -0.1276327835162455, 2.7602924578716395, -3.132559991084716, -1.5596196254202352, 1.1093865182868399, -1.0879527469444426, -2.6828241582627874, -1.0779314208689312, 0.31206316648835836, -2.1085865499660175, -0.7595310423202049, -0.4669079011699979, -2.7746301763948997, 2.9005217771912593, -0.34768521870452096, 1.863973787093241, -1.8201844124790356, -2.4183626856594183, -0.8263206160853701, 2.500624006326804, -1.9645427567348954, 0.36331353679051703, -1.1056567744534815, 0.4907545967467458, -0.9232319270458651, 0.5056604969058395, 2.312968376900517, -2.2023415790829866, 2.9605850882110905, -1.0348927819794465, -2.9121957574573907, 2.0962346894749264, 2.1946401701179057, -1.231987210950887, 2.4319532852808674, -1.096691484338387, -1.6242800188568007, -1.1997061332670154, 3.0125726271778737, -1.4632168510670847, -2.2565043147845745, -3.1226762565784867, -3.126320742090494, -1.5454740453033007, -2.2540856331724304, -1.1343403022516874, -1.6858475112661673, -2.4870868246392863, -0.3449658018807156, 1.0185355778654506, 1.050461177650861, -1.7194889314040327, 1.888512786198909, 1.996670548064735, 2.3905238801818633]","[180, 181, 182, 183, 184, 185, 186, 187, 188, 189, 190, 191, 192, 193, 194, 195, 196, 197, 198, 199, 200, 201, 202, 203, 204, 205, 206, 207, 208, 209, 210, 211, 212, 213, 214, 215, 216, 217, 218, 219, 220, 221, 222, 223, 224, 225, 226, 227, 228, 229, 230, 231, 232, 233, 234, 235, 236, 237, 238, 239, 240, 241, 242, 243, 244, 245, 246, 247, 248, 249, 250, 251, 252, 253, 254, 255, 256, 257, 258, 259, 260, 261, 262, 263, 264, 265, 266, 267, 268, 269, 270, 271, 272, 273, 274, 275, 276, 277, 278, 279, 280, 281, 282, 283, 284, 285, 286, 287, 288, 289, 290, 291, 292, 293, 294, 295, 296, 297, 298, 299, 300, 302, 303, 304, 305, 306, 307, 308, 309, 310, 311, 312, 313, 314, 315, 316, 317, 318, 319, 320, 321, 322, 323, 324, 325, 326, 327, 328, 329, 330, 331, 332, 333, 334, 335, 336, 337, 338, 339, 340, 341, 342, 343, 344, 345, 346, 347, 348, 349, 350, 351, 352, 353, 354, 355, 356, 357, 358, 359, 360, 361, 362, 363, 364, 365, 366, 367, 368, 369, 370, 371, 372, 373, 374, 375, 376, 377, 378, 379, 380, 381, 382, 383, 384, 385, 386, 387, 388, 389, 390, 391, 392, 393, 394, 395, 396, 397, 398, 399, 400, 401, 402, 403, 404, 405, 406, 407, 408, 409, 410, 411, 412, 413, 414, 415, 416, 417, 418, 419, 420, 421, 422, 423, 424, 425, 426, 427, 428, 429, 430, 431, 432, 433, 434, 435, 436, 437, 438, 439, 440, 441, 442, 443, 444, 445, 446, 447, 448, 449, 450, 451, 452, 453, 454, 455, 456, 457, 458, 459, 460, 461, 462, 463, 464, 465, 467, 468, 469, 470, 471, 472, 473, 475, 476, 479, 480, 481, 483, 484, 485, 486, 487, 488, 489, 490, 491, 492, 493, 494, 495, 496, 497, 498, 499, 500, 501, 502, 504, 505, 506, 507, 508, 509, 510, 512, 515, 516, 517, 518, 519, 520, 522, 523, 524, 525, 526, 527, 528, 529, 531, 532, 533, 534, 535, 536, 537, 538, 540, 546, 547, 548, 551, 552, 553, 554, 555, 556, 557, 558, 559, 561, 562, 563, 564, 565, 566, 567, 568, 569, 570, 571, 572, 573, 574, 575, 576, 577, 578, 579, 580, 581, 582, 583, 584, 585, 586, 587, 589, 590, 591, 592, 593, 594, 595, 596, 597, 598, 599, 600, 601, 602, 603, 604, 605, 606, 607, 608, 609, 610, 611, 612, 613, 614, 615, 616, 617, 618, 619, 620, 621, 622, 623, 624, 625, 626, 627, 628, 629, 630, 631, 632, 633, 634, 635, 636, 637, 638, 639, 640, 641, 642, 643, 644, 645, 646, 647, 648, 649, 650, 651, 652, 653, 654, 655, 656, 657, 658, 659, 660, 661, 662, 663, 664, 665, 666, 667, 668, 669, 670, 671, 672, 673, 674, 675, 676, 677, 678, 679, 680, 681, 682, 683, 684, 685, 686, 687, 688, 689, 690, 691, 692, 693, 694, 695, 696, 697, 698, 699, 700, 701, 702, 703, 704, 705, 706, 707, 708, 709, 710, 711, 712, 713, 714, 715, 716, 717, 718, 719, 720, 721, 722, 723, 724, 725, 726, 727, 728, 729, 730, 731, 732, 733, 734, 735, 736, 737, 738, 739, 740, 741, 742, 743, 744, 745, 746, 747, 748, 749, 750, 751, 752, 753, 754, 755, 756, 757, 758, 759, 760, 761, 762, 763, 765, 766, 767, 768, 769, 770, 771, 772, 773, 774, 775, 776, 778, 779, 780, 782, 784, 785, 786, 788, 789, 792, 793, 794, 795, 796, 797, 798, 799, 800, 801, 803, 804, 805, 806, 807, 808, 809, 810, 811, 812, 813, 814, 815, 816, 817, 818, 819, 820, 821, 822, 823, 824, 825, 826, 827, 828, 829, 830, 831, 832, 833, 834, 835, 836, 837, 838, 839, 840, 841, 842, 843, 844, 845, 846, 847, 848, 849, 850, 851, 852, 853, 854, 855, 856, 857, 858, 859, 860, 861, 862, 863, 864, 865, 866, 867, 868, 869, 870, 871, 872, 873, 874, 875, 876, 877, 878, 879, 880, 881, 882, 883, 884, 885, 886, 887, 888, 889, 890, 891, 892, 893, 894, 895, 896, 897, 898, 899, 900, 901, 902, 903, 904, 905, 906, 907, 908, 909, 910, 911, 912, 913, 914, 915, 916, 917, 918, 919, 920, 921, 922, 923, 924, 925, 926, 927, 928, 929, 930]"
11,503.618689316081,750,"[0.6052957486624546, -2.8250073062783234, 1.133487175274306, -1.3229181400257348, -1.149394992491539, 2.049894825446849, 0.9137827016869671, -1.6153952272077645, 1.2339153464867536, 2.4602524038857987, -0.13954932145077223, -1.3739306439030945, 1.1468735308793823, 1.8581742562560102, 0.5791904104682306, -0.7664199514927251, 1.117899934762394, 1.9278616889471167, -0.40570349739057887, 0.5731233094747609, -3.1267771574545105, 1.5252472358095404, -1.0881975315125152, -1.664192594443417, 1.9411086966049995, -2.8899378742655055, -1.500935780826555, -2.4245188989148927, 1.7131631455026353, -2.710955537926601, -1.2431649321210867, 2.8821158284041393, 0.32406274977191185, -0.7626678010004498, 1.4667159647263572, 1.0836917852753762, 2.149154338925083, -1.0244559982508483, 0.45043942646714147, 2.0434151620558283, 2.5377643226706184, -0.9720641732268729, -1.5703940048756575, 1.3753044698331736, 1.4541831222679074, -1.773895826335203, -2.6243782699369413, 0.7223288535847504, -2.1685421365689392, -1.0184571442833474, 2.466415827205527, 1.5761083073623805, -0.7316659621680724, 2.917657837968886, 2.3686851775340103, -1.503702559315835, -0.6342313941177868, -0.013914433040339838, 1.3210807356455332, -2.8525841759119874, -1.1451017679452995, 2.827405154725376, -2.594251210457358, -1.0686311900493919, 0.33105834437436454, 2.062476985530116, 0.05981482956579214, -1.2368398757116428, -2.9174596702064743, 1.9555115914967087, 2.9923742820346986, -0.879673550916564, 0.5900578304934985, 2.0442699240227697, 0.1036801296026702, -1.2543627066030036, -2.638789911145688, 1.5386494517533313, -2.9977460706047356, -0.23251416965835603, 2.644174387417337, 2.4018821680833735, -1.146993163401677, -0.18569384407642997, 2.392220998689797, -3.065119701858472, -1.200972907558482, 2.876080826347152, -2.712640720023253, -1.9683965163216688, 1.0859489680667038, 2.8254218605089436, 1.7899649858057665, -1.9076741302685374, 0.7206025722873604, 1.580846890675838, 2.1401805215986682, -1.8135151655689652, -2.46383816447915, 1.7164072912679378, 0.3138957357124777, -0.4370933005419595, 1.5126707472140182, 1.8963705903019965, -1.2799654967438, 0.0742607587308881, -1.8845067885484372, 2.0634806313767675, -1.4317689713375423, 0.3766996603192168, 0.23007806029650518, 1.2510932661381395, -1.7889513490216895, 0.4475895226989139, 2.67382286426548, 2.020055559746383, -0.36469132356457223, -2.4573110194496044, 0.5782636236749493, -1.413842400361033, -0.10853974829021246, 1.9096094811432627, -2.4264644837430627, -1.2302114349443916, -2.4627476943930513, 0.9315710371852399, -3.127035509214922, -1.0771730345923003, 1.2908505471600744, 1.448702258725735, -1.459964095820173, -1.209324632133935, 0.8499825775560802, 1.0892097742837672, -2.647278137576274, -1.7374867181105553, 2.4202086419015227, 1.7812776175105223, -2.7043944329106484, -1.4999346899112467, 2.4127142618476225, 0.8578135937555899, -1.468894818896574, 1.2765290325910863, 2.0417509433614898, -0.19963839162112276, -1.3083924611973732, 1.867157254918419, 1.8193332774642745, 1.3748702558502932, -1.6351326098286743, 2.038224878661795, 1.0373874191844905, -1.818414106601702, 0.5409478397326379, 1.7170401557697268, 2.727492359702334, -1.6381056191167334, -2.5881246427775304, 2.795627189969034, 0.03682128501049505, -0.7189949176661967, 0.475949967660265, 1.8841134131330555, 0.6948265361240658, -2.077813299149911, 1.5642068323715366, 0.7155988977030411, 2.9548471775928284, -0.28489291906645264, -2.5513511271239318, 1.4714691569695832, -1.6458687620910257, 1.2116261046491632, 1.3663493795140575, 0.8740085625295392, -0.9459124281738117, 1.9922630806660964, 1.9344749136624246, -1.1975017251541016, 1.6204160435501282, 2.485771483032527, 1.7699946833865314, -1.9018628781676012, -1.3861109595459082, 1.944291547940949, -2.5699725978762284, -2.1516164255736223, -1.9218392810590037, 0.8814089640692682, 3.0534408687564434, -1.7742403715729889, -0.12574554624144532, 1.6259841033151976, -2.0323103568024488, -1.0872506627842806, -0.4833056027306374, 2.007492638693111, 2.5902344720568826, -0.2887276024656462, -0.1804597047101817, 1.5719198908251826, -2.1251131004175736, -0.4016621498240758, 1.4671372066248725, 0.6451090887668391, -0.9211873268643826, 1.6059762958269426, 2.082717109068334, 3.078273950670982, -1.0619258181247742, -2.5650310278551074, 1.3714222643065856, -0.25177061832933684, -1.3503795239639484, 0.24570024369183197, 1.5843290832403534, -1.556907524391656, 0.6782270901179603, -1.851698197309891, 2.9512591628579745, -1.4767522929767307, 1.7334604560941334, 1.6319713605608872, -0.4267283337703913, -1.330139242488817, 1.7842701316664782, 2.186899344174923, 0.45729627557237784, -1.129536957195033, 3.1284698917512572, 1.5805329742482936, -1.730455122868148, -1.545918705650237, 1.7194506889138592, 1.5816609172164953, -1.509576255310086, -2.6960549941581893, 2.546001657680021, 1.6572165107681425, -0.3432025182566541, 2.495352692191753, 2.707796386377382, -2.0140774029741175, -0.9528034616931965, 0.39574373534001817, 1.4985608530556285, -2.1532063276227333, -2.414007670402783, 2.481760897080025, 0.08895454398874185, -1.5531494578592044, 1.0220936018073812, 2.499574354506924, 0.17160207680361464, -2.0425523112659447, 2.9744337359328243, 2.503068917656373, 0, 2.284469913843169, 1.2542468468428736, -1.100596496755682, -0.24637291289903832, -1.7990238718005227, 1.6057193539563352, -1.2182779489265791, -0.03406107091198913, 1.7951201291123495, -0.09519061339160725, -1.5580619284204318, 2.3943643850969196, 1.6220890794293323, -2.1843210495732386, -0.35597811078333286, -2.08426424362946, 1.8620603989684943, 2.8761271277513742, -1.7138798375154336, 1.539417390026745, 0.28289226610875234, -1.1629456710752404, 1.951039280687464, 0.9644348717009742, -0.4150957391698887, -1.8067406848036467, -2.0819718701384917, -1.6689327245895724, 2.333928326442379, -1.5969515062504123, 1.753576200339635, 1.8515898156721846, -2.686348032790119, -1.3356393829984181, 1.5719227397938762, 1.901977786751167, -1.4308884082399336, -0.8547253539294727, 1.0845175163304048, 1.7188465724354425, -1.3332996345083536, -0.8211175146219809, 1.143601694556207, 1.3571464877144588, -1.825420967865162, 2.6116841974142475, 1.3070426806449715, -1.4109521663126823, -0.790049463007741, 1.5402374939442016, 1.4090195064791595, -1.591444109319557, 0.27540482005476896, 2.2137858780525987, 2.1458634622549617, -1.4065960781161155, 0.7029586375162683, 2.005973184580363, -2.375405469378258, -1.131127779801718, -3.00843966380687, 2.338995855771897, -1.1676259535222655, -0.00414601738373408, 2.6598483097197456, 1.7232755389499523, -1.0855882748071997, -1.6944878109176296, 2.0348538791398245, -1.9057941330214385, -1.5683870082218945, -0.813709917745742, 1.645499130044896, -1.2871485466681416, 0.12807647960100946, 1.4383813284231715, 2.7208446389620575, -1.5101460667514295, 1.2901846481180639, 1.7800725004394953, 2.601049910987494, -1.2908402210555294, -1.301534295272655, 0.546300235692666, -3.034177499239125, -0.8442286763423266, -2.2669820895916786, 2.050645305081013, 2.813977636069501, -1.1462678781459632, 1.3203510229515156, 2.9069965303824046, -1.4225847866306272, 1.8366428646272819, 1.6630890251836699, 2.5532335859620394, -1.6083071379430551, 2.2419304724613442, 1.429755545893035, -1.4290389129944272, -0.6847417660983963, -2.0885463270484754, 0.6476385143424064, -0.7598328360210028, 0.39755499534763145, 1.7999579959672172, 1.528045784727168, -2.2737935064854193, 1.0507689010929586, 1.6766491955198966, 0.013537837339717697, -1.3230130171631191, -2.3453019252091254, 0.6573185206714736, -0.42833862590384564, -1.106201158382285, -1.4667909897039948, 1.2648507037417542, -1.844672939397157, 1.8908932341588836, 2.5329752486134356, 2.590185214694738, -1.1429650932999396, -1.8073223499786821, 1.811791130094579, 2.7082948974870664, -0.8689004968346069, -2.7702416044508755, 1.2864357781639995, -1.9427093010882022, -0.6521637123277033, 2.3204349436218963, 1.2254007655275454, -1.0746069085516654, -0.4484955883460068, 2.067969472027368, 0.9724640260028676, -1.3238301601004956, 1.973217765576826, 2.970141435095633, 1.5362846592748638, -1.3964872121339544, 2.4701435741575297, 1.38215490442879, -2.6384258517667445, 0.40360090988838104, 2.477550752697343, 1.2925835618638206, -2.4215846883776684, -0.047454181023562254, 1.6501782757982784, -3.0430177105282183, -1.8588809123684757, -0.493685509997965, 3.088142501422039, -1.880109107769435, 0.08986888106316318, 2.495978167325089, 0.8763971144205996, -2.1566898814776265, -0.10917434019390321, 1.7143323266656574, -0.5277081389306891, -1.0140110283447812, 2.439884665795269, 1.1252133511607063, -1.4859850717348084, -1.2034798988142386, 1.056288597535095, 2.3055555286639167, -1.3349144927032883, -0.6740420070122921, 2.502964821310323, 1.1433012663622169, -1.5313052851633402, 0.5166700094768435, 2.2862408101866047, -2.3443984240147326, -1.5224772104595758, 0.5351507955232164, 1.002466722756968, 1.345250685209944, -1.7113573091968772, -1.7811581218546877, 1.5596193835651764, -1.9459131007645487, -0.4766833235844458, 1.3277185842104602, 0.1281879320300838, -1.9731275703521334, -1.519038719547961, 1.7716410219820806, -1.6167841153503917, -2.5579315637707207, 1.6833794966084663, 2.16056981281286, 0.8625992426921858, -1.024680564711515, 2.5217010137984914, 1.745215232413794, -1.4912864369427845, -0.9159615354366266, -1.7360634698923898, 1.5550976345654282, -1.4866680748436076, 1.7479761230990136, 1.54060475081784, -2.9518580310452256, -1.7182418844120786, 2.370990798534996, 1.1630983364534118, -0.3371083245829717, -1.571070411623318, 2.3295932718627923, -1.8331724889781469, -1.512643832571628, 0.1525816679090952, 2.2000794563415966, -1.478228419790473, -1.052033584546727, 1.0879871836119097, 1.92299618914567, -3.0842718534466886, -1.5201247378923575, -1.4619811053444778, 1.4073969669177238, -1.1423963065909863, -0.80422030578779, 2.6336410551452287, 1.487529498435072, -1.4438056402896762, 1.8239144199641786, 2.0938275939870516, -2.8368794291777086, -1.4140370456476323, 1.5090636610578316, 0.9858470632455791, -2.9325398115868153, -2.1880538839940464, 1.3334161503875464, 2.317312678539316, -2.292374256277053, -0.2869687619423468, 2.7557948129814314, 1.3318549549979064, -0.7743605878172691, 0.16291878850836375, 2.627744669417637, 1.6319075533995817, -1.0395548844341946, 2.2865999185428976, 1.4671768629951063, 0.015169953986814134, -0.4759982277144783, 2.9920180834857555, 0.6789265756670387, -1.4315453986161484, 1.33705691900998, 2.3309907923714484, -0.6193101800476863, -0.9954585134903591, -1.4966120196277326, 1.0027027974304987, -1.2706049946446696, -0.9699408240926817, 1.89754800774774, 1.5403079824904669, -2.1011775713942717, 0.8572520287372223, 1.9227982184962256, 0.2920841298588166, -1.2609407307323055, 2.994796476444199, 2.05674247468511, 0.349923834788864, -0.8980289982478192, -2.5989289671117595, 1.9991146033091434, -1.4470020451651786, -1.2140522616722338, 2.151033793472249, 2.370296898223383, -1.3646024633933935, 0.1319946985163688, 1.5924921716551992, 0.6681820127439644, -1.3246387944378188, 1.3236857687602122, 0.8382889645394727, -0.9530048176702115, 0.3721807167675781, 1.5650166404636343, -1.6166897011618278, -1.8271717734938957, 0.9453321561608017, 2.024548588504018, -0.5207427200534102, -0.7223960894280821, 3.1357177585726, 2.7166426871608516, -0.008990417861351704, -1.369105501953256, -1.0213843059019696, 1.7146550084315342, -1.1676718985761303, -0.9832930234566802, 2.508819566376498, 1.7157704539744332, -2.0184131942475125, 1.7728099273442786, 2.973000529629476, -0.0678875805873465, -1.268144968903137, 1.8404752822255643, 1.7595682837047961, -1.1414740239428087, -0.6407406609259096, 2.1524818801335286, -0.14689212030701673, -1.6336921148652568, -2.3217851185446583, 2.1141941177004697, -2.7587136588733285, -1.1786537487069062, -2.1600380180675858, 1.5232003702062211, -2.0283226138331982, -1.0680826761647488, 2.0763897534350133, 0.8838689828134842, -1.702786475626858, 0.8624840500902291, 2.694673754726689, 1.5085125008313358, -1.3467054987819176, -1.538062119507485, 2.3570449375917746, -1.8392758963463494, -0.7878990674415474, -3.0952674595455036, 1.5250579334249446, -1.9980906503002127, 0.8417456095080409, 2.6034776836134665, 2.1427485057248, -1.605231774114159, 0.906504672281846, 1.4256152649795966, 2.5644716876022424, -1.5725817158853879, 1.1592859058346332, 2.022615088681324, 1.8242612342478324, -0.5767176369455136, 2.481844230997722, 2.229761290067858, 0.9775855192537648, -1.4343315247265076, -2.8364424634395693, 1.7897927423251772, -1.3215925932214194, 1.7368826574039928, 1.8114348948904329, 0.42182145047713343, -1.8993340486707153, 0.8401364391847121, 1.5289416056204985, 2.3860969879455727, -1.6168328557357972, 2.36861894370608, 0.7036103449089577, -1.6095705063649486, 0.3589929517720349, 2.0654013815175243, -2.589946585292741, -1.3562005294932586, -2.3901814372802774, 2.3065411776602582, 0.951894467366439, -1.5193893651451815, 2.0745678355438297, 1.6480180665310653, 0.2398778544425361, -1.2525330780031885, -1.4631956617284887, 1.5840932049051835, -0.4948554977068543, 0.981795155795419, 2.9282729218904207, 1.1165888344067847, -0.7175723191589698, -2.545010934602905, 1.3409089113419785, -2.586088527771464, -1.9814502000037075, 2.220125640504528, 0.6260465056906537, -1.6742466072314752, 0.3926797812799771, 2.3058677649480734, -0.9877701741086743, -1.5394297223592546, -0.6898388427784876, 1.8969008904060336, 1.903752574909461, -1.3929977936466724, 1.2284333541905235, 1.5974513743759793, 1.9455557812230697, -1.6149130404153453, 2.0397458020727197, 2.089263387353498, -1.344682101884891, -0.23369420156852924, -0.3181985548841622, 1.6885483361686175, -1.8225572146895619, 1.8693310416162574, 2.445525349189667, 0.04599863603665851, -0.9390697315667447, -3.014853328103683, 2.0687778640657695, -1.6664361681261894, -0.8246279063040769, 1.9240614194144625, 0.652521084512971, -1.1891427307738704, 1.7105887372472328, 0.6265516079502016, -1.180239919474566, -1.4619158559173613, 2.6415360719833116, 2.1457643640874395, -1.9309808284506118, -1.8113116689610327, -2.074760018539958, 1.7685010641428955, 0.00032583553519693957, -1.2126670072449457, 2.1391963077085245, 2.4936181644847712, -0.6742639814118822, -1.9301137264404102, 1.853888645912901, 0.3789519211083765, -2.115944609830203, 2.790728540884545, 1.9855588298486622, 2.926740074993047, -1.3012869505444504, 2.102550790625968, 2.7967389778988125, -1.369589646498871, 2.8862426229445868, 1.9946239082842523, -1.2144749967916006, -0.5268034191376747, -1.456700766800828, 1.6081045207843638, 0.910111221050106, -1.444477553398174, 2.199623514051532, 2.181902565550352, 1.3893066103571339, -0.6712140220118954, 2.222108315172731, 0.9455717438825517, -1.8904733391488144, 0.8751885666715539, 1.6061052428421705, 0.25850657619437684, -1.450392179981136, -1.3871096129241123, 1.4582401838898533, -1.3631121342922006, -3.1357283081006875, 1.0075514561542434, 1.703880541040172, -1.5655718875935956, 2.1654404200645185, -0.3722860516358153, 2.8066181902101643, -1.9306639548642626, -0.8468119441142921, 1.7009499622509996, 0.7914747748242048, -2.4079018680136657, -0.7439137203290148, 0.6773275946342234, -2.7991545946820997]","[180, 181, 182, 183, 184, 185, 186, 187, 188, 189, 190, 191, 192, 193, 194, 195, 196, 197, 198, 199, 200, 201, 202, 203, 204, 205, 206, 207, 208, 209, 210, 211, 212, 213, 214, 215, 216, 217, 218, 219, 220, 221, 222, 223, 224, 225, 226, 227, 228, 229, 230, 231, 232, 233, 234, 235, 236, 237, 238, 239, 240, 241, 242, 243, 244, 245, 246, 247, 248, 249, 250, 251, 252, 253, 254, 255, 256, 257, 258, 259, 260, 261, 262, 263, 264, 265, 266, 267, 268, 269, 270, 271, 272, 273, 274, 275, 276, 277, 278, 279, 280, 281, 282, 283, 284, 285, 286, 287, 288, 289, 290, 291, 292, 293, 294, 295, 296, 297, 298, 299, 300, 301, 302, 303, 304, 305, 306, 307, 308, 309, 310, 311, 312, 313, 314, 315, 316, 317, 318, 319, 320, 321, 322, 323, 324, 325, 326, 327, 328, 329, 330, 331, 332, 333, 334, 335, 336, 337, 338, 339, 340, 341, 342, 343, 344, 345, 346, 347, 348, 349, 350, 351, 352, 353, 354, 355, 356, 357, 358, 359, 360, 361, 362, 363, 364, 365, 366, 367, 368, 369, 370, 371, 372, 373, 374, 375, 376, 377, 378, 379, 380, 381, 382, 383, 384, 385, 386, 387, 388, 389, 390, 391, 392, 393, 394, 395, 396, 397, 398, 399, 400, 401, 402, 403, 404, 405, 406, 407, 408, 409, 410, 411, 412, 413, 414, 415, 416, 417, 418, 419, 420, 421, 422, 423, 424, 425, 426, 427, 428, 429, 430, 431, 432, 433, 434, 435, 436, 437, 438, 440, 441, 442, 443, 444, 445, 446, 447, 448, 449, 450, 451, 452, 453, 454, 455, 456, 457, 458, 459, 460, 461, 462, 463, 464, 465, 466, 467, 468, 469, 470, 471, 472, 473, 474, 475, 476, 477, 478, 479, 480, 481, 482, 483, 484, 485, 486, 487, 488, 489, 490, 491, 492, 493, 494, 495, 496, 497, 498, 499, 500, 501, 502, 503, 504, 505, 506, 507, 508, 509, 510, 511, 512, 513, 514, 515, 516, 517, 518, 519, 520, 521, 522, 523, 524, 525, 526, 527, 528, 529, 530, 531, 532, 533, 534, 535, 536, 537, 538, 539, 540, 541, 542, 543, 544, 545, 546, 547, 548, 549, 550, 551, 552, 553, 554, 555, 556, 557, 558, 559, 560, 561, 562, 563, 564, 565, 566, 567, 568, 569, 570, 571, 572, 573, 574, 575, 576, 577, 578, 579, 580, 581, 582, 583, 584, 585, 586, 587, 588, 589, 590, 591, 592, 593, 594, 595, 596, 597, 598, 599, 600, 601, 602, 603, 604, 605, 606, 607, 608, 609, 610, 611, 612, 613, 614, 615, 616, 617, 618, 619, 620, 621, 622, 623, 624, 625, 626, 627, 628, 629, 630, 631, 632, 633, 634, 635, 636, 637, 638, 639, 640, 641, 642, 643, 644, 645, 646, 647, 648, 649, 650, 651, 652, 653, 654, 655, 656, 657, 658, 659, 660, 661, 662, 663, 664, 665, 666, 667, 668, 669, 670, 671, 672, 673, 674, 675, 676, 677, 678, 679, 680, 681, 682, 683, 684, 685, 686, 687, 688, 689, 690, 691, 692, 693, 694, 695, 696, 697, 698, 699, 700, 701, 702, 703, 704, 705, 706, 707, 708, 709, 710, 711, 712, 713, 714, 715, 716, 717, 718, 719, 720, 721, 722, 723, 724, 725, 726, 727, 728, 729, 730, 731, 732, 733, 734, 735, 736, 737, 738, 739, 740, 741, 742, 743, 744, 745, 746, 747, 748, 749, 750, 751, 752, 753, 754, 755, 756, 757, 758, 759, 760, 761, 762, 763, 764, 765, 766, 767, 768, 769, 770, 771, 772, 773, 774, 775, 776, 777, 778, 779, 780, 781, 782, 783, 784, 785, 786, 787, 788, 789, 790, 791, 792, 793, 794, 795, 796, 797, 798, 799, 800, 801, 802, 803, 804, 805, 806, 807, 808, 809, 810, 811, 812, 813, 814, 815, 816, 817, 818, 819, 820, 821, 822, 823, 824, 825, 826, 827, 828, 829, 830, 831, 832, 833, 834, 835, 836, 837, 838, 839, 840, 841, 842, 843, 844, 845, 846, 847, 848, 849, 850, 851, 852, 853, 854, 855, 856, 857, 858, 859, 860, 861, 862, 863, 864, 865, 866, 867, 868, 869, 870, 871, 872, 873, 874, 875, 876, 877, 878, 879, 880, 881, 882, 883, 884, 885, 886, 887, 888, 889, 890, 891, 892, 893, 894, 895, 896, 897, 898, 899, 900, 901, 902, 903, 904, 905, 906, 907, 908, 909, 910, 911, 912, 913, 914, 915, 916, 917, 918, 919, 920, 921, 922, 923, 924, 925, 926, 927, 928, 929, 930]"
16,820.435864826536,751,"[2.7816709799258774, -0.21534684100696658, -1.8256889258027276, 3.0462161961468293, -2.337883062774309, 0.7255229426724648, -1.8734016067208141, 2.7572500504838264, -0.9786736439933083, -0.5954402328467624, -2.644872230947244, -2.9764025666179617, 1.2718498995195961, 0.21420305349541144, -3.1370052611811907, 2.661652682134481, 2.9499964265672043, -0.20156174594454596, 2.7576186267811407, -1.2454018812507341, -1.6552678065248267, -0.6069692356676125, 2.673160267661325, -1.9355475306173708, -0.32758949523792075, -2.9137187593278657, 2.9816825653889607, -0.4681171363723001, -0.3081357935953835, 2.6628198214810266, -2.993961461469858, -0.07258753985405457, -0.8463951294152622, 2.785316767357688, -2.444211304908098, 0.13492045188339524, -2.458174126485206, 2.9488248897800178, 0.6386062201968985, -0.7885827153190061, -2.2817549279381244, 3.0895793296303955, -1.6590118394470248, -0.607173090306664, 2.626061423207828, 2.713285754922966, -0.5288359930352577, -0.5979701411442391, 2.7896417457676637, -0.8008869546404414, 0.9761960104518348, -1.68604641897181, 2.658730057006361, -1.1593124585902073, -0.32857398325910914, -2.3068390272509642, 2.6275855331986224, -0.9985307216039265, -0.44752174346941803, -2.3381325527720085, -2.789913182639351, 0.5482396747465732, -1.0350060187698222, 2.3859884975836203, -0.977354420308514, 0.06383229462072695, -1.4428350305570705, 2.8071803199974372, 0.1399097334587465, -0.1653806775106301, 2.4442841027314364, 2.88424542786826, -0.7249849547601286, -0.5552460165194247, -2.025573505003078, -3.0967088120634325, -0.6169109722042543, -0.7790210490214781, -2.5398257109829854, -2.7537137673509657, 0.21467194501950929, -0.8223045560332617, 2.9377551884604665, -0.2884180685708676, -0.13280960788180649, 2.701395898696811, -2.9768071765329864, 0.3668039525420041, -0.19542205007991273, -2.5887544943245686, -2.9895700557488323, 0.6502138913390996, -1.1764294042736934, 2.8187923634939547, -2.38873025467131, 0.48773768958517394, 0.7134563319650481, -2.877998010105915, -1.7711904487350656, -0.48492474990389806, -0.9021990911945788, -2.9220008421892323, -2.845101993247253, -0.02421725750582874, 2.946994310197572, -1.9242262198653424, -0.5578040570705678, -0.4797325925948284, 2.7473002917049314, -1.223501641978623, 0.13332554938597443, -0.7055329270857347, 2.655927143200744, -1.2984501490577087, 0.2447181144635122, -2.4821481940864927, -2.523329909286407, 0.40087947332534374, -0.41812347028786817, -2.846392935604444, -2.460684161253143, 0.2590063476140932, 0.4552546663298531, 2.840988511178732, -1.9570143408190563, 0.34026790517108696, 2.7109560273880713, 3.132795374936206, -1.7276812453702244, 0.163961895254398, -1.259122115750215, 3.00402173088624, -1.3581991810497507, 0.15084422185194296, 2.560999586609532, -2.979115883924096, -0.7049254329036884, -0.0841577860698873, 2.9295610638883405, -2.9362147792052977, 0.09871219035818198, -2.6525560397902486, -3.1061188812980545, -0.8433474281462844, -0.048933197791852, 0.546593714113134, -3.121797293260296, -0.7714745383181754, -0.5289881620237941, 2.4325151102157214, -3.045745354453761, 0.3533852404665269, -1.5535582569355564, 3.0496117021544515, -1.0439120131922481, 0.4728733317416804, -1.2248268902155004, -2.7455061943299635, 0.1996037125970803, 0.09889869150071144, -1.416841601705161, 2.5743092344576444, -3.102361857397698, 0.003058866544734242, 2.867567664266351, -2.9301266924280696, 0.21823998436608405, -0.6591219314649504, -3.095211217045572, 3.067985144395075, 0.14236617541945024, -0.5231786313961863, -3.0112941564599107, 1.2682032187966537, 0.15187283447639272, -1.2971288374409216, 3.106126103463362, -0.7858463248090917, -0.18377968922996393, 2.6942045087675712, -2.631374384362975, 0.02548941512299671, -0.14332200271783024, -3.0910397857366902, -2.6120719560262677, 0.3572991669364774, 0.8108013293613581, 2.340345009475938, -2.209914666687154, 0.333746344507331, 3.127896342511712, -3.0899056528827082, 0.6483002999595592, -0.02725175564223902, -2.2018459715630745, -3.080125361252912, -0.16968352424216893, -0.029449746701795707, -2.9234989097986546, 3.0432333326843626, -2.9843316910361546, -0.20934892854668677, 2.0560227905659327, 2.7460630026968604, -0.15519721600828632, -0.05791109184517225, 3.0649121776378143, -2.6910828650328042, 1.1597243382341265, -1.8986654351971508, 2.6894027877986195, -0.04968664371974625, -0.48412272286762903, -2.7255390028550726, 2.8304655938366783, -1.473687382316222, -0.1806074200178612, 2.999998606155434, -2.660533664584007, 0.3863545244298556, -1.4149010836605385, 2.761317507580406, -2.8975579234295825, 0.17541348000556176, -1.154716003373458, -2.9187146863048006, -2.624584685399913, -0.47129202277939775, 0.24648311810747556, 3.1220031356035793, 1.0178531705462943, 0.045751595048962944, 2.923443252121527, -2.3684815800996177, 1.5201176877826823, -0.773525030174824, 2.620432991633026, -1.2698590121778761, -0.6072504308321705, -0.9971054245172248, 2.3995668711554026, 1.77173662891679, -0.2963412226790501, 2.549099373224434, 3.096399388763057, -1.1932620036221697, -0.7151271440788588, 2.857389181940136, -2.0941293330837016, 0.280278527379476, -2.277711337135986, -2.957726591775658, 1.3824537078733128, 0.07301343115675447, -2.1350517683809436, -2.700735434046676, -0.10139135415803635, -0.49272233471929794, 2.9611438467422118, -3.070735606658775, 0.6087418595518165, -0.387529254410352, 2.9593167639589857, -3.1381533172507328, 1.2104698012118857, -0.9612212362372741, 2.9985661791645914, -2.861085651562143, 0.4133983531718575, -1.6687756957419355, -2.9899121661654897, 2.1811235628619303, -0.0771187692610355, -2.67888064605893, 3.022491429446696, 0.5495807526682017, -0.8876868023297703, -2.256459877666984, 2.9261529198490166, -0.04196259926423012, -0.4994068491195373, 2.8449896170937614, -1.9664690917338141, 0.18001755543375872, -1.2900735787857336, -3.0612624560023622, -1.4665171109086772, -0.07387669911346376, -2.1011696418852366, 2.5666419545609536, -1.0657035321450579, -0.4394706285330622, 2.964500663184016, -3.1340385342841324, -1.657252291689809, -0.6307708972463951, 3.005109903429792, -1.4243200954898425, 0.03131844051211822, 1.5611978975117538, 2.5188925874347046, -2.4847209740130496, 0.08789414052522494, -0.770069628509755, -2.740989117047356, 1.2288691123479538, -0.7460573037449597, 2.927471721229357, -2.7005908992599075, -0.12518280948789517, -1.1381712597659175, 3.0814905900752887, -0.7015858689130524, -0.13948649788404832, -2.6610355089794107, 2.864431234711672, -3.0759004517392694, 0.1153130774524552, 3.0361284276967146, -2.9035794368723162, -1.047553046081011, -0.6840836333814885, 2.740555782549387, 2.733349699342336, 0.7381066501813547, -0.48132350404282065, 3.0208379545338593, -2.0493393018084842, 0.312382218445676, -1.0679695337668098, 3.0129141536818507, -1.508370318526094, -0.405617368185254, 2.9252901042975132, -1.151607891652201, 0.3080698822459793, -0.7019968587132402, 2.9023588732660546, 0.6805296024046373, -0.0702691538852868, -1.8591427808019585, 2.9313599450467547, -1.17616216034198, 0.006790155900605825, -2.0985873481184143, -3.0229167917828894, -1.137638480722445, -0.22966880620291655, 2.8816594817190313, -2.6814128758201474, -0.01701455657365135, -1.3409160550511814, 2.018805270305747, 2.5649221276952696, 0.031346869373551654, -1.1402210674888982, 3.0212194176926697, 0.36284640576901855, -0.3476741909352195, -2.5341537386618054, 3.076467621830827, -0.08205007950357911, -0.7482195374675117, 2.907187159167139, -1.8989473461872806, -0.19360301764554358, -1.0114424851324793, 3.072340042862012, -0.40758530300138546, 0.9301079858433667, -2.636549163568672, 2.9228591065710554, 0.8310892386949444, -0.3555675122442989, 2.495836461759126, -3.0962688921858184, -1.9012542756886253, -0.32826116830205376, -2.882370880215706, -0.09884906848318178, 1.9736136541640092, -0.3688648143463208, -3.139228840307177, 2.6959196701956287, 0.4707926686705822, -1.4236276784476103, 3.045424284719858, 0.9402161296044073, 0.0065339323564536315, -3.0501489613800494, -2.9471380537541645, 0.40363990421525825, -1.6809684194176184, 1.9873612372792042, -2.623246847010846, 0.5746932231505144, -0.30296491486290594, -2.728295513127458, -1.0005312014204808, 0.1664182710198292, -0.0797142895075852, -2.915236353521958, 0.4122262063285718, 0.41649565148513745, 1.135970863046125, -3.1036860780813575, 1.068343338229152, -1.2458592372424362, 2.504116024277676, -2.3097199293723247, 0.5581046878688666, -3.112340254637089, -3.1367269832037463, 0.14362914632169874, 0.19389482130726798, 3.012596841395684, -2.9772138572371447, 0.8905663886445794, -1.1685344114266247, -2.9019461679832763, -2.4166462516353575, 0.10269777727458268, -1.4534323952859836, 2.8568718868848832, -1.1698966699475364, 0.19539018379801057, 2.033705223637933, 3.0417869103709836, 0.6738358067582012, -0.38173281982033214, 2.380107875158179, 2.466138214056636, -1.7399967373881446, -0.7604038047871193, -2.4933805143948335, -2.697826298932057, 0.5396968904364953, -1.2925322009667441, 2.8939019357535414, -2.2074715258146558, 0.23857914677433548, 1.0185104421218663, 2.8860570772990433, -2.6502231865421666, 0.06560463597539848, -2.9081609012833165, -2.8473372613553964, 1.1532986646609378, -1.5270679853222604, 3.098539266908968, -0.7290150409588756, -0.04940475448789394, 2.452980871749626, 3.0515466804199027, 1.0163819856250695, 0.09086247158124096, 2.6732732942413584, -3.1375731853192534, 2.69861430968069, 0.0668928664225349, 3.124045758111105, 3.0814809551420947, -0.7215769937758777, 0.12274792144756116, 3.117528928869036, -2.663766916788202, -0.08002200859490705, -2.9830081941026165, -2.9865029769600615, -0.41044035095962167, -0.1808224323704891, -2.4317299927530196, 2.8124163197749175, -0.13501456430012362, -1.5817950046557223, -3.0733381965334976, 2.0249127287327022, 0.7071819256365857, -0.9797210789320091, -2.801842041078161, -2.1040538719775195, -0.038642152748573515, -2.78791770995825, -2.7220093672588557, -3.0680551119584445, -0.21202192615901447, -2.441810245025465, 3.0403254969561813, 1.3175706080352039, -0.6268918557193895, 2.6121813813664745, -2.4451927096073733, -0.1118135315401192, 1.6344378261189536, -2.925052455912609, 0.7265388403436657, -1.452109732329577, 2.5815285688369793, 3.105797163964528, 0.30242814726775885, 0.5478307387858039, 3.080815405252334, -1.6067541087718686, 1.2629563938109571, -0.6426671314928625, 3.1165686194119937, -1.558157193743724, -0.049487250343813245, -2.6234950591682753, -2.9149611861571976, -0.45054340455696357, 0.24409214690034634, 2.1353397948087025, -2.8760825497802753, 0.21993608049640828, -0.21244596950018058, -2.847782850690371, -2.853292095791603, -0.10443693435876905, 2.2424579081352967, 3.001784687165623, 0.6985836030489166, 0.31547861630876983, 2.6188920946257115, -2.2991449739485175, 1.0882875173249502, -0.7686387247747148, -2.978636158791615, 2.3741777157834787, -0.029936952854924734, -1.3585830105944803, 3.124056205946631, 1.1501477721834945, -0.6129645338895733, -2.548896696000733, -2.9325440070769853, -1.1629819992151313, 0.7438690330092557, 1.9079193532520504, -2.1069207622143313, 0.17547058519292935, -0.3912266094466631, 2.704730858739892, -2.9397390164942325, -0.020290846453993837, 2.8962574731111816, -2.9879726058906804, -0.04184145500250514, -0.04969054823147296, 2.8413163061828968, -1.5174626332773613, 0.06453850478181034, -1.3667145452417488, 3.032992965302056, -2.48050677382905, 0.013621956513223723, -0.7575534233298761, -3.017220928672885, -2.671204734874238, 0.6205119070851056, -2.9872322134188973, -2.8750812722462715, -2.209378448904363, -0.38819047338392265, 2.6863369554240593, -2.921154553807113, 1.280530023777444, -0.5089718771507502, 2.8717855939795545, -0.9737646944893866, 0.10958091469443888, -1.0523302869508693, -3.057819500114757, -0.3037190949370707, 0.3765868422432626, -2.272919632996674, -2.418659628963941, 0.5661545826820157, -1.3045960095555524, 3.1150225982615405, -0.2903358086470237, 0.19496526011628593, -2.8475587006483454, -3.00524962340763, -0.257870130383266, 0.336561241129867, -2.844230965818344, -3.0320830523897886, -0.18604932128062174, 0.2418296815193417, 2.891233462819766, -2.9993068887541865, 0.2695645917875693, -1.076420431812241, 2.9597041371535324, -1.2270443863073826, 0.2626374250955771, 2.77339632924202, 2.9662861292607436, -0.7614320001230245, 0.9162181903090812, -2.8805591561818726, -2.716886181658339, 0.6673833410071336, -0.6318390093366558, 3.0923217477589935, -1.1003886190943144, 0.041973445643774976, -2.591134609564952, 3.1294006101189744, 0.6899464099361783, 0.20741582263200942, -1.6352220774057986, -3.1153404179159985, -0.00679831797934208, -0.3540922371616397, 2.5164585525050494, -2.9760312375684332, 1.2867008951775891, -0.9038957656131213, 2.4122312510529684, -2.9870661006125654, 0.0036442575351238416, -0.8403338751107117, -3.115463531906082, -1.6338779532553147, 0.11434436294519479, -1.5599310429418152, 3.1130857801947407, 0.4715431144655418, -0.8401151830775254, 2.9326243773120364, -2.934428653947627, 0.34514598378746225, -0.3574867316744551, 2.949816263583059, 1.377161273989739, -0.08750552627671195, -0.7778407928442292, -2.7988643999254244, -0.3300489181744384, 0.0665791120585809, 1.7247087034237096, -2.993119012926135, 0.9456622237121689, -0.07349753165698517, 2.1060229529268413, -1.6218630458369152, -0.11080958537979789, -0.7936085608039072, 2.6865725242054723, -1.7204137891319111, -0.11381938771102933, 1.698574616486185, -3.0341624251191615, 0.5369028973618277, -1.124974590048371, 1.9541228547402523, -3.020465791934849, 0.640088504676209, -1.3129139453571286, 2.5601073831781442, -1.9719768847689365, 0.9484545621060391, -0.3632288122267411, 2.7613213662359692, -0.17971652635396695, 0.3518658180710752, 0.6102804885517688, -2.969404497875476, 1.6181822849194034, -0.007379299141112163, -2.82313910112436, -2.328844382959996, 0.7009994198742575, -0.6239495743123554, 2.108785198835339, -1.2256586361379855, 0.15589369925490942, -2.774831713217081, 2.5354348179759465, -0.526317947167159, -0.4690187249613627, 2.786260896319874, -2.5224004574963397, 0.48305796976676074, -0.7740956905734155, 2.7227100211210855, -1.3389664059632327, 0.35417496160783896, -0.8485923903537306, 3.0418905322053096, 1.8562012636599856, -0.4196790043917578, 1.0646931132240158, 3.08135244910738, 0.9661032278891059, 0.13722420174262562, 2.3745647403967616, 3.0432278958392933, -1.4360161244941123, -0.4327528782677308, 2.503172132238165, 0.03305427407054689, 0.3415425083197279, 0.37797771544527276, 2.944585579397294, 0.5769906908407244, 0.04415238210964046, 2.425033296549575, 2.8435976482716803, 0.39584823057301444, -1.3899761841320575, 2.68794573893295, -1.7809380948084752, -0.02841089833421545, 2.4001788774298216, 2.583265880422704, -1.8855708859385165, 0.7243837955640745, -2.9467910007210025, 2.753435504214006, 0.243647531893971, -0.07133615415496407, 2.167314848520303, 2.8184873387048177, 0.38137542094682986, -1.290453333834185, 3.124858840672711, -2.920092681760616, 0.1564405703582396, 1.7439394416127023, 2.977861032032105, 2.3828498266984024, 0.10706003045837115, -2.434108855003003, -2.846421600482168, 0.8218587094223103, -0.7722109809868378, -3.1344163616763248, -0.11652888696422714, 3.0494379603460127, 1.0400998448412344, -2.431208877583665, -1.4647147987502795, 0.6804234199069573, 1.0944553361196938, -2.128742449033835, -0.9520142425494301, 0.5393941249461884, -3.0133669379826267]","[180, 181, 182, 183, 184, 185, 186, 187, 188, 189, 190, 191, 192, 193, 194, 195, 196, 197, 198, 199, 200, 201, 202, 203, 204, 205, 206, 207, 208, 209, 210, 211, 212, 213, 214, 215, 216, 217, 218, 219, 220, 221, 222, 223, 224, 225, 226, 227, 228, 229, 230, 231, 232, 233, 234, 235, 236, 237, 238, 239, 240, 241, 242, 243, 244, 245, 246, 247, 248, 249, 250, 251, 252, 253, 254, 255, 256, 257, 258, 259, 260, 261, 262, 263, 264, 265, 266, 267, 268, 269, 270, 271, 272, 273, 274, 275, 276, 277, 278, 279, 280, 281, 282, 283, 284, 285, 286, 287, 288, 289, 290, 291, 292, 293, 294, 295, 296, 297, 298, 299, 300, 301, 302, 303, 304, 305, 306, 307, 308, 309, 310, 311, 312, 313, 314, 315, 316, 317, 318, 319, 320, 321, 322, 323, 324, 325, 326, 327, 328, 329, 330, 331, 332, 333, 334, 335, 336, 337, 338, 339, 340, 341, 342, 343, 344, 345, 346, 347, 348, 349, 350, 351, 352, 353, 354, 355, 356, 357, 358, 359, 360, 361, 362, 363, 364, 365, 366, 367, 368, 369, 370, 371, 372, 373, 374, 375, 376, 377, 378, 379, 380, 381, 382, 383, 384, 385, 386, 387, 388, 389, 390, 391, 392, 393, 394, 395, 396, 397, 398, 399, 400, 401, 402, 403, 404, 405, 406, 407, 408, 409, 410, 411, 412, 413, 414, 415, 416, 417, 418, 419, 420, 421, 422, 423, 424, 425, 426, 427, 428, 429, 430, 431, 432, 433, 434, 435, 436, 437, 438, 439, 440, 441, 442, 443, 444, 445, 446, 447, 448, 449, 450, 451, 452, 453, 454, 455, 456, 457, 458, 459, 460, 461, 462, 463, 464, 465, 466, 467, 468, 469, 470, 471, 472, 473, 474, 475, 476, 477, 478, 479, 480, 481, 482, 483, 484, 485, 486, 487, 488, 489, 490, 491, 492, 493, 494, 495, 496, 497, 498, 499, 500, 501, 502, 503, 504, 505, 506, 507, 508, 509, 510, 511, 512, 513, 514, 515, 516, 517, 518, 519, 520, 521, 522, 523, 524, 525, 526, 527, 528, 529, 530, 531, 532, 533, 534, 535, 536, 537, 538, 539, 540, 541, 542, 543, 544, 545, 546, 547, 548, 549, 550, 551, 552, 553, 554, 555, 556, 557, 558, 559, 560, 561, 562, 563, 564, 565, 566, 567, 568, 569, 570, 571, 572, 573, 574, 575, 576, 577, 578, 579, 580, 581, 582, 583, 584, 585, 586, 587, 588, 589, 590, 591, 592, 593, 594, 595, 596, 597, 598, 599, 600, 601, 602, 603, 604, 605, 606, 607, 608, 609, 610, 611, 612, 613, 614, 615, 616, 617, 618, 619, 620, 621, 622, 623, 624, 625, 626, 627, 628, 629, 630, 631, 632, 633, 634, 635, 636, 637, 638, 639, 640, 641, 642, 643, 644, 645, 646, 647, 648, 649, 650, 651, 652, 653, 654, 655, 656, 657, 658, 659, 660, 661, 662, 663, 664, 665, 666, 667, 668, 669, 670, 671, 672, 673, 674, 675, 676, 677, 678, 679, 680, 681, 682, 683, 684, 685, 686, 687, 688, 689, 690, 691, 692, 693, 694, 695, 696, 697, 698, 699, 700, 701, 702, 703, 704, 705, 706, 707, 708, 709, 710, 711, 712, 713, 714, 715, 716, 717, 718, 719, 720, 721, 722, 723, 724, 725, 726, 727, 728, 729, 730, 731, 732, 733, 734, 735, 736, 737, 738, 739, 740, 741, 742, 743, 744, 745, 746, 747, 748, 749, 750, 751, 752, 753, 754, 755, 756, 757, 758, 759, 760, 761, 762, 763, 764, 765, 766, 767, 768, 769, 770, 771, 772, 773, 774, 775, 776, 777, 778, 779, 780, 781, 782, 783, 784, 785, 786, 787, 788, 789, 790, 791, 792, 793, 794, 795, 796, 797, 798, 799, 800, 801, 802, 803, 804, 805, 806, 807, 808, 809, 810, 811, 812, 813, 814, 815, 816, 817, 818, 819, 820, 821, 822, 823, 824, 825, 826, 827, 828, 829, 830, 831, 832, 833, 834, 835, 836, 837, 838, 839, 840, 841, 842, 843, 844, 845, 846, 847, 848, 849, 850, 851, 852, 853, 854, 855, 856, 857, 858, 859, 860, 861, 862, 863, 864, 865, 866, 867, 868, 869, 870, 871, 872, 873, 874, 875, 876, 877, 878, 879, 880, 881, 882, 883, 884, 885, 886, 887, 888, 889, 890, 891, 892, 893, 894, 895, 896, 897, 898, 899, 900, 901, 902, 903, 904, 905, 906, 907, 908, 909, 910, 911, 912, 913, 914, 915, 916, 917, 918, 919, 920, 921, 922, 923, 924, 925, 926, 927, 928, 929, 930]"
18,389.5772842619651,444,"[-1.5551489777314729, -2.3384870640357462, 0.9843799656948888, -1.7112757239486143, 0.3126484813395566, 2.2882674635406812, -0.5441282799777354, -1.9525462679455148, 1.8445862426312565, -1.9875938685923322, 3.0855377901539285, -2.0339969256402455, -2.6660800451966615, 0.6923598902108957, -2.910162329140614, -2.0283456574252234, -2.7310781984162658, 1.7794420419477408, 3.1118053539024544, 1.2201275746453115, -2.0550604168203614, 2.8859700605969874, -2.912404126548965, -2.5553118379301876, 2.8873171949774386, 0.8960146821222348, -2.037154428776244, 0.19580784813665947, 1.5950606275458394, -2.6963824780036214, 0.9408619355776573, 2.4222395859562833, -0.282695290179467, -2.790993837410853, 2.396803415730133, -0.5295801110519797, 2.956159871343881, -1.6602361782359312, 1.8249937003280858, 2.1269745844085985, -2.722950695971571, -3.0543739597867754, -2.6460543198314435, -2.3042385974860022, 2.029302232428028, -0.8731891438202675, 3.038330503500366, 3.0544405109377557, -2.1813743665914465, 3.1192670555900794, 2.561391434910196, -2.448091759740764, 3.0000552341346247, 3.0792429833049018, 1.8100375150299044, 0.7377146429978593, -1.0554636411698624, -2.9699804954866935, -2.914854448377289, 2.367405884654515, -0.6810029008165407, 1.4862918469254873, -2.420179426389049, -2.6145925962339778, -0.5340881782743306, 2.1702263334217244, -0.4610377480379125, -1.8049223072049625, 0.5242049158876194, 1.8026402261985746, 3.116500395471915, -2.9611792743841616, -3.1330245323242067, 2.884911275593908, -1.8840968917141865, 2.3095847680694135, -2.895160470982586, 0.16606824593273606, -3.0148217590673805, 3.0803321478837242, -3.0976297787399063, -1.0344637886021617, -2.0105648943459857, 1.3299401651615455, 2.735386962797707, -2.801520947692251, -2.462413591979986, -2.221589752276102, 2.3764399807871457, 3.127554675966208, -0.07551163603144553, -3.049490703680183, 2.200989512767062, -2.3026160733443457, -2.8077593980721836, 2.3795417192862476, -1.3724710941660356, 2.972637499291699, -0.9684442715833349, 1.829286131621875, -1.7859614909956638, -2.697391471278602, -0.34464199868498335, -2.445201024757654, -2.7950352411756367, 0.07487910358308844, 0.9659916162761717, 1.0504596446288164, -2.60960168669304, 0.033059175050111425, -2.036818175811025, 1.1580577574165338, 2.627258110792103, -1.001401694137025, 1.4774268917684013, -1.630806062458232, -1.6879147595997268, 1.1191460313788937, -3.104933431583818, -2.9489071701540515, -2.6753713738117715, 2.8721236962777796, -1.143379059960198, -2.6553010726003436, -3.0648234637437812, 2.649110443914506, -2.969342176101795, -2.0044188160329663, 0.9369964431771335, 1.9399721606250833, -2.9827936517435862, -2.694406294421574, -1.7599521878618198, -2.3617430668347525, -2.635384289121735, 0.7244322369335315, -1.0705673071486768, 1.134266748687903, -0.9158139472078104, -1.8900424336106396, 2.0528097764208373, -2.5837481609623065, 2.9025284800643765, -1.7603725669280206, 1.3742576987683857, 2.9879470915528175, -3.0692858862397467, 2.9095874945505136, 2.0427009343701017, -2.6256445028485675, -2.704232552625355, -2.4049810037349872, -3.019006172700922, -2.9902659109905896, 2.9647845440201297, 2.7377523926624683, -2.243984169287023, -2.587857543948698, 2.5495435050600324, 2.2246811373340396, -2.312608327525981, -1.5465979947109054, -0.299563336620226, 2.6151966019398634, -2.968758766423014, -1.9830941832751146, 2.9601760451529473, 0.7351433096150072, 2.7786413393130758, -0.7964797549781999, 2.5874935179028076, -1.35453700116864, -3.042986371943081, 2.920172223586849, -3.1100276362245336, -0.6741045293304901, -2.948919919443912, 2.492611202756633, -0.2844071590255435, 2.9214457165258727, -2.500758049368617, -1.496312123623231, -1.9785077090256034, -2.8301963351805814, -2.8194568058038216, 1.6981875496870737, -2.2956408590028907, 2.917329394809165, -2.225572027569323, 0.29818431859015737, 2.851568694492271, -2.2196986600128428, -3.050422036301976, 1.3019120629867944, -1.261248187968724, -1.2081465527067872, -2.1935726289930355, 1.8284389466413613, -3.0417824258027295, -1.6700574001422184, -2.782808332360779, 2.65843924351097, 2.936663798369446, -1.4860205488391076, -2.487753263911071, 2.2870911594237104, -2.872732503970507, -2.1826510648679553, 1.7477414335838883, -2.5006159330696818, -1.341085694796751, 0.4674394140550836, 2.000394316095446, -2.758438942608776, -2.0448899172538684, 0.2154686818856469, -0.12316410962844668, 3.049774032296877, 0.2087294937461087, 1.564424995412796, -1.1013935800907773, -2.48554746269559, -1.4772408834728266, 0.33693307086101515, -2.6310504593152535, -2.9460795044529013, -1.410274436619595, 1.9975554116610343, -2.030811792528497, -1.820642152520085, 1.9791614067536993, 3.011801849443647, -2.801669641569487, -2.854104489117966, 2.869594852701861, -1.1171007610294863, -2.8638082628289014, -0.4742032848186434, 2.778044443934009, -2.8947810171473067, -1.0449023409351637, -1.6009538468579874, 2.509846421321808, 3.078041748106081, -1.5307758111147827, -3.12054744984585, 1.0428167714495262, -1.8084546900410459, -0.4650281896862464, 1.883919671162711, -2.3210190013141756, -1.1373746739803419, 2.5219264167455377, 3.0438017258835055, 3.138468030038615, -1.6990003027705245, 1.8291032608994586, 2.8428461998676857, 1.6294096800585185, -1.9086108441536844, -2.209078776637095, 2.6449983247260374, 2.982953200943919, -2.4964279263854947, -2.9573464285386497, 1.5922621750300272, -2.6433133500043646, -0.6555037500057997, 2.824503736295896, -0.7781595565778003, -2.025458833199098, -0.7175757974643917, 1.1439441875196443, -2.9637009379951578, -2.398903273679346, -2.6407194135338754, 1.9770180984048056, -2.060940986589379, -1.2813598171060345, 2.534565772550326, -0.0846241993633534, -2.300556601990604, 3.1351781258745186, 1.946896469565178, -2.982821610170933, -2.568653815777834, 2.8291728157010967, 1.3170931243555686, -2.816122113408365, -2.6790485893806335, 1.8915219001130998, 2.9522278356977174, -3.0841807399494403, -2.923543646562456, -2.976196165411321, 3.1237082136214607, -2.797553856498614, 2.4628854154972015, 2.5865956571793376, -1.2353429202001227, -3.0829537364603348, -2.891424696453609, 2.383742465287836, -3.0638818578173055, -1.9141641333027344, 2.8920682029649534, 1.1611977289111275, -2.5916386917147287, -2.8283766124781073, -3.049819262912713, -0.8460381960543009, -2.2134072143458745, -0.10772571417190091, 2.5424515956455687, -2.7848354740035273, -2.935058878567405, 2.6377249222421244, -0.2775687720598099, 3.0820377903598914, 2.8336066991329765, 2.8771401532164504, -0.2156899049476955, -2.8952566129758375, -2.730731483139476, 2.222593987466549, -2.5361508927267553, -3.032154602327748, -2.751556277456863, 2.167900484465317, -2.692794968570402, -2.545940629551275, 2.847829378614102, 1.4558230511849546, -3.0805374146144096, 2.4867979006722587, 2.17800138456139, -1.917781266957391, -2.4994874711382864, -2.5401059858598636, 1.9962781137475385, -0.7348549042546891, -1.892098859358704, 2.4054390460692123, 2.3428216147840075, -2.2104920113774273, -2.0189644319325613, -1.483512435854709, 1.928891835288096, -3.1229764328107423, -1.5785270804147873, -2.794117263877868, -1.7968924216514253, 2.889875132909797, 1.574920025146985, 2.344065928358857, -1.1099841555589862, -2.4272308556590607, 0, -2.2710485348825498, -3.063900073656426, -2.813776256534408, 0.5360926259528788, -2.9415434590036145, -2.8444951685431397, 1.8529729823203542, -2.6292946285962895, -2.689186525550057, 0.43076953988179906, 0.8746802860416997, -3.1072324489716303, -2.607480047974048, 2.2724112938718126, -0.7832975012657584, 2.4151787234614575, -1.8247866248826314, 2.8030269128594862, 1.7646378783525054, -2.4410864386574214, 2.883816790958215, 0.767114283045285, -2.7812775981930473, -1.235652266214259, 0.03074091670945261, 1.4871582587241758, -2.9137804299542007, -1.5137253738835, 2.0428796583563082, -0.5207814195652195, -3.1339302498696124, -0.26020048260297834, 2.158327050346183, 2.9106517946592594, -2.1859731370848268, -2.106177991553192, -2.9149365826527585, -2.4618607642106918, -2.0697228872328983, -0.2015389661137593, 2.6732864595359285, -0.17665653079955568, -1.4152998791375868, -2.9121667641302436, -1.3421822105403025, -2.1244023210496152, -1.6077397033768643, 2.4246832502492337, -1.744392220702889, 2.969515394731705, -2.3433669198246747, 2.2770871473014593, 2.448611881536442, -2.358366206181463, 2.2033122741132423, 1.9008257439222251, 2.643018043296108, -2.8063537121173976, 3.011432721130409, -2.489509546616827, 3.002230601767136, -0.4533726818828877, 2.8839218483738267, 3.0718103043891922, 2.7080347478113245, 2.7113792882204923, 0.5257029461063721, -2.827540033821531, 2.417705008485003, 0, 2.8585665294924785, 0, 0, -1.5697926933631168, 0, 1.56403580663558, 0, 2.882376382128079, 0, -0.8661277391050373, 0, -2.253437935171113, 0, 2.428142262498301, 0, 0]","[180, 181, 182, 183, 184, 185, 186, 187, 188, 189, 190, 191, 192, 193, 194, 195, 196, 197, 198, 199, 200, 201, 202, 203, 204, 205, 206, 207, 208, 209, 210, 211, 212, 213, 214, 215, 216, 217, 218, 219, 220, 221, 222, 223, 224, 225, 226, 227, 228, 229, 230, 231, 232, 233, 234, 235, 236, 237, 238, 239, 240, 241, 242, 243, 244, 245, 246, 247, 248, 249, 250, 251, 252, 253, 254, 255, 256, 257, 258, 259, 260, 261, 262, 263, 264, 265, 266, 267, 268, 269, 270, 271, 272, 273, 274, 275, 276, 277, 278, 279, 280, 281, 282, 283, 284, 285, 286, 287, 288, 289, 290, 291, 292, 293, 294, 295, 296, 297, 298, 299, 300, 301, 302, 303, 304, 305, 306, 307, 308, 309, 310, 311, 312, 313, 314, 315, 316, 317, 318, 319, 320, 321, 322, 323, 324, 325, 326, 327, 328, 329, 330, 331, 332, 333, 334, 335, 336, 337, 338, 339, 340, 341, 342, 343, 344, 345, 346, 347, 348, 349, 350, 351, 352, 353, 354, 355, 356, 357, 358, 359, 360, 361, 362, 363, 364, 365, 366, 367, 368, 369, 370, 371, 372, 373, 374, 375, 376, 377, 378, 379, 380, 381, 382, 383, 384, 385, 386, 387, 388, 389, 390, 391, 392, 393, 394, 395, 396, 397, 398, 399, 400, 401, 402, 403, 404, 405, 406, 407, 408, 409, 410, 411, 412, 413, 414, 415, 416, 417, 418, 419, 420, 421, 422, 423, 424, 425, 426, 427, 428, 429, 430, 431, 432, 433, 434, 435, 436, 437, 438, 439, 440, 441, 442, 443, 444, 445, 446, 447, 448, 449, 450, 451, 452, 453, 454, 455, 456, 457, 458, 459, 460, 461, 462, 463, 464, 465, 466, 467, 468, 469, 470, 471, 472, 473, 474, 475, 476, 477, 478, 479, 480, 481, 482, 483, 484, 485, 486, 487, 488, 489, 490, 491, 492, 493, 494, 495, 496, 497, 498, 499, 500, 501, 502, 503, 504, 505, 506, 507, 508, 509, 510, 511, 512, 513, 514, 515, 516, 517, 518, 519, 520, 521, 522, 523, 524, 525, 526, 527, 528, 529, 530, 531, 532, 533, 534, 535, 536, 537, 539, 540, 541, 542, 543, 544, 545, 546, 547, 548, 549, 550, 551, 552, 553, 554, 555, 556, 557, 558, 559, 560, 561, 562, 563, 564, 565, 566, 567, 568, 569, 570, 571, 572, 573, 574, 575, 576, 577, 578, 579, 580, 581, 582, 583, 584, 585, 586, 587, 588, 589, 590, 591, 592, 593, 594, 595, 596, 597, 598, 599, 600, 601, 602, 603, 604, 605, 606, 607, 608, 610, 611, 614, 617, 618, 621, 622, 625, 626, 628, 629, 632, 633, 636, 637, 640]"
19,462.4464389306318,750,"[2.813854991555722, -2.2294587916614876, -1.6136088178045158, 1.5888494275882488, 2.067303909461822, -1.0805942115912959, -0.6859646849240811, 1.2421341443851532, 0.5338500243670992, -0.9046906435402008, 2.874591101545144, 2.149102759276486, 0.7483522266161335, -1.4274244547347117, 2.8247039917358965, 1.9246461977874796, 2.420305610871458, 0.9086856882993288, -1.127246711115044, 1.3206372441237755, -2.1611605670157363, -1.0087312879744477, 1.4454088272892391, 2.0276659723087813, -1.2886322084575832, 1.0173988893661439, 1.7448929653424976, 0.263891943171689, -1.305455882551672, 2.5979234007141776, 1.4392213792735171, -2.510233436342221, 2.6424744465643393, 1.1854962889180758, 0.3827543985285912, -1.3489775179879975, 1.8393378044594852, 0.6337263559177125, 1.7557973423416642, -2.5525017519414397, 3.0687206342007283, 1.01742497488396, -0.0021501328078464273, -1.5367999824808827, 1.5766952250071886, 2.131535108330328, -2.4696047185227914, -1.3418291089401029, 1.8033431342768709, -2.2437301287213693, -2.9661191730743757, -2.27420988732259, 1.5854623527475453, 2.5562968156468258, -1.2084011735164433, -2.249947112203947, 1.8530205310687864, 0.880223243671554, -0.924657243300501, 2.657234477908737, 1.695558742405678, -2.006458711090947, 0.36306866945105837, 0.5798239393616826, 0.005558604597388331, -1.6181012743761818, -2.6512968973065014, 0.7728038878270272, -1.1658414501737229, -1.3034818244732462, -1.1730791097533475, 1.4359094734253408, 2.5409785385863124, -0.9991590992033434, -2.7328888851560973, 1.4312802664069246, -2.6843986171474, -2.480905125297886, 0.2555228647440709, 2.1773557903291993, -1.9298183271768645, -2.647270799194504, 0.46918738970735324, 0.1317082967114178, -2.2398361773483444, 0.04268025209696369, 1.4462008117692589, 3.08131228820089, -2.1379990149124146, 1.3421008539038919, 1.5622452334121757, 0.06606296244139344, -2.0262546690395347, 1.1002450230534773, -0.2923107165121427, -1.6729910598239641, -2.8235794451751137, 0.05538968507153204, 0.05124240918049819, -2.150593703387428, 2.132257152433412, 0.659933234576742, -1.7853215899912855, -2.4422887782640648, 2.766248514267555, 0.5017098282052057, -1.9816403254123807, -1.4697171205866744, 2.1060187803779167, 1.290684930620103, -2.3565692573389767, 2.7892429591994685, 0.9889380386319301, -2.8558988337054885, -0.41203708213775764, 0.7328542009578997, 1.6138460671271369, -2.037467645340685, -0.9896977850305892, -0.35090444296003476, 1.1242283983754495, -2.2118850226764795, -2.6574511927119078, 1.358785867998342, -2.411163509202228, -1.853020219271604, 2.828045932254627, -2.7251434998466433, -0.40312975607003904, -2.9018603834259786, 2.5095289753632066, 0.8919782712699841, 1.2068218195275424, -2.061014094490038, 1.3176174589414018, 1.5880468637315694, -1.8229338371683579, -1.3636085815245214, 0.5057581659920096, 1.4766172184334347, -0.9498520257884647, -2.890411300011545, 1.1600130793288943, -2.1116028740773487, -1.9767745995970116, 0.980000484067238, 1.4264353003263137, -2.3310885791235045, -0.12797217408606326, 0.06797253004660062, 1.6815152091479078, -3.089372599184694, -2.348044064059543, 0.9590008808398884, 1.1978905209670607, -1.5309809934565566, -1.5761922796698358, 0.3413220802410929, 2.3950233081440437, -1.392929341564374, 3.1097099874372836, 1.6093393493233576, 2.8292307184406553, -2.078344399721763, 2.7009272878591837, 1.5579752483655647, -0.42371392364038585, -0.8563850810171217, -3.116730387396008, 1.629477573921132, -1.070948929244099, -0.6385409587089591, 0.8175647536179872, -0.37347609783595564, -1.9061106047836136, -1.6263695195934433, 1.9917891947143533, 1.02810403613372, -2.2702704472356707, 0.21469469849274592, 0.916969317746732, -1.1277416100266506, -0.4190497261501211, 1.4625630249082895, 2.4001495361307654, -3.0986842954461644, 0.3719969416237234, 0.6088850575862627, 2.707620135346913, -1.8328937598621047, -0.6555108886363276, 1.6329280031823328, 2.220931299095578, -1.4364866595098171, -1.7731104365049726, 1.0104523678889323, 2.5196164901099927, -1.2388547080779637, 2.3393764342187096, 1.5778338106143646, -3.019478877072742, -2.3453991385564477, 1.351948125351921, 1.2714304952896827, 2.8918438580721166, -2.3088764703301607, 1.0957635066206763, 2.4898584586422943, -2.4043359772735906, -2.2880796841627755, 0.3793380198962537, -2.692783933891415, -0.0342987776390743, 2.999074121066938, -0.19730944649800247, 2.86938815919312, -1.5641388460250507, -0.07849042786738887, 1.7247924442097642, -2.0349558937876577, -2.308495202809243, 1.901280440889434, -3.103210549012271, -0.5279907036476685, 0.6077650518490016, 2.8901298242382674, -2.3294227098190845, -2.5747154158921295, 1.5689326031556894, 0.9249136503936248, 0.7909801300767096, -3.061635865490481, -0.11330042019201733, 1.2518055292760748, 2.743166265862235, -1.9538357334727237, 0.685126088226377, 1.7248590792643228, -3.0014449073812313, -2.679550417749802, 0.919343472622443, 2.8112634326871424, -1.6361088966334854, -0.6323157750903986, 1.537493206343666, -2.887766426272734, -2.0660281682841815, 2.371033359644637, -2.148490637440087, -1.9001703102821736, 2.867950240478151, 0.9283601309742003, 2.573625690831939, -1.2859785362433667, -2.322373254647125, 1.5067345984720224, -0.9678063367382146, -1.9963714575827642, 0, -1.9644118874434022, -1.2751656995167426, 0.16827974336078477, 2.1759052660167066, 0.43825652132260173, 1.9583917945602969, 0.6265909959818219, -1.435216019512107, -1.1525715593106065, 2.677950782192472, 2.142516615380896, -0.36582616159498127, -0.9128594679413042, 2.9127759737599814, 1.1604373900595961, -2.711090738701974, -1.310661162586723, 1.372531638671197, 1.3280834380718975, 2.692115254040719, -1.9933130337077776, 0.9359998327367673, -1.2542935401479296, -0.9096129877126248, -1.7341072138165414, 1.3263808735287683, 2.6558835755905394, -2.1148887354016948, 1.465811995897768, 0.8314434120143207, -1.2049193456585254, -1.0213483372130905, -1.032988412686095, -2.3809487931758606, 0.8189211049692653, -1.7547190559677235, 0.7289473141621157, -2.6355195889084677, -1.211987359161074, -0.30350138157537127, -0.30094651502310016, -0.8430932768895003, -2.2123098075622067, 0.7091581127540504, 1.6534748223295725, 1.2085700945842692, -1.5373542067926909, 2.3573010062930058, -1.0480348858081505, -2.954470538422957, -1.7499621681089146, -2.309812520332075, 0.4900347413087016, -1.9154613377364307, 2.303159241942189, 2.028211968344335, 2.049380940648579, -1.9506982382418874, 1.568396715896168, 2.0365039736215738, -1.9334201361123953, -2.072532540833169, 0.900181751079082, 1.6071587000673995, -1.016754247155466, -1.6045318552871912, -0.5106333541762065, 0.7620607092738274, -1.8546249629496079, 2.9996067654324152, 2.230537493580991, 1.9479086056846588, 1.2763947068014734, 1.6934689252339077, -0.30674690965901097, -1.085757716062646, -2.753783318988593, 1.3836816895480593, 2.9592024124771, -2.5069097543096284, 2.981508056928297, -1.0913820237610965, 1.2423045988857577, -0.9875850607018333, -2.3186293712434827, 0.7782826663044593, -3.1374390768914866, -2.6707392785400867, 1.5605247151886479, 2.5051462606613484, 2.3431351001807865, -2.3723125821828654, 1.184136336817123, -0.02308423957394908, -2.0222512292479053, 2.383092737103656, 1.0518429316793492, 3.0584944867630197, -0.03540180355088053, 1.7803601762044556, 1.3565341762553238, -1.7225892606663553, -1.2818681384499362, -0.063107104341329, 0.04747531779017551, 3.078738731702074, -1.6632365023593683, 0.3016421125700096, 1.344162858362862, 0.38213823574149913, -1.890857096203201, 1.7237334660370263, -2.150194807595355, -3.0547124955476037, -2.60427323414548, 0.8621900312541305, -0.41005895647665325, -1.9112092311749842, 0.8727535581660057, 0.6668450101906855, -1.3151322525482005, -1.9361060272499035, 0.28386565444426376, 2.498065945513484, 0.8393883541607084, -2.3223607124370282, -1.9710481726088824, 2.9614131569547504, -0.1331627975002179, -0.28639636939353547, 1.6436070575751882, 1.6375755512347487, -2.1417511420772475, 0.049326215077466706, 1.4043602808252345, -2.0681117037631704, 0.8121636208557867, 0.4839163103190154, -1.8388187146775854, -2.684621682139745, -2.9228137491030695, 0.564107365570234, 2.3679319421596454, -1.3044030455410198, 1.0128382774567093, 2.1733942856029285, -0.5834269327956565, -1.8864455378037195, -2.456462954465365, 1.3280407002316954, -0.4879939438068714, -3.0271174263211367, 1.304008719201044, -1.1731886111924557, 2.200493031813907, -3.089444807425226, 1.4296842763598572, 2.846634085634865, -2.9464829222503885, 2.3312801484259067, 0.7116457144113677, -0.7087376842442812, -0.8868473901911996, 1.2118878674031888, -2.786300122729233, -0.5307140978589061, 0.10393717482251705, 1.5580999324822309, 1.7135119787931417, -0.5073666732193223, 0.6910216931214849, 0.5049595036577078, -1.6833556047915996, -1.2623366033422392, 1.475871803352463, 1.4741251734788994, -1.0224472257024015, 1.9136864031428453, 0.036270387067272196, 1.9064694472328974, -2.141633384478371, 1.643729232588637, -0.19022443900741998, -0.8141270947283433, -1.7374690345028954, 1.0339263048310254, 0.6533758202110657, -1.506446057258396, -2.3124190869238626, 0.1794366210916556, 0.3030607831277201, -0.7796542154077732, 1.2369551657633555, 0.8355974259720398, -2.580896946053695, -1.9453312386069181, -0.17335046619116765, 1.5194528978705317, -0.020141922553696526, -2.0353834234391104, 2.1521896605123034, 2.0988763512509254, -2.7455745825058258, 2.2328602292486726, -2.7680434244504424, 2.332351544147368, -1.9150981106909415, -1.3314293397646881, -1.2806514854881508, -3.1061654530429736, 1.40200349500793, -2.579381586089259, 0.9811312053447024, -2.1753761829947402, -2.7690539699414463, 0.38644598796852436, 0.9077099456435627, -2.263780735310079, 0.47871430113856783, 1.8880384580465914, 1.1343236286222467, -2.2103579654376078, 1.6095179727837532, -2.762032877250237, 2.1377081239860436, -2.5639443399224575, 2.384804537065542, -0.02877655094236304, -1.6008761961630489, -2.803189712775748, 1.9675720884807346, -2.1481883803952773, -1.8658299628608597, -1.389189186948251, 1.8024541807236953, 0.19262591847809674, -2.228789800458283, 2.3288002105463463, 1.0067934449097304, -0.6769895499020187, 0.03916803168982256, -0.8281797838528131, -0.45185589984328955, -2.193319811774566, -2.440066645310884, -0.24950716704156695, 1.3235669176896951, -1.368978704979081, -2.185425867815418, 1.0384825458984541, 2.8679038535912755, -2.770195681445199, 0.3576518253208472, 2.0254268857564868, -1.9825607638589349, 1.9990029188052307, -0.6899623675813545, 2.009122871650796, -3.02360139898114, 0.4794780468803602, -0.10545382724503397, -2.4872724732935145, -0.5782948518859493, -1.9518097511395673, 1.9735552356204422, -1.9582825444237326, -2.1692236548073476, 0.49310409184205817, 1.2118951861387444, -1.0423217061570091, -2.8385548743152627, 0.4053988207333829, 0.7064656435735781, -2.4166786255482697, 1.2153297858354575, 0.7772879025913684, -0.3429438975778295, -2.3855965057626025, 0.6297698560599305, 2.576017070592944, -0.4713562124273252, -2.7801261862563256, 0.9653810879141158, 1.9291968578965228, -1.621822419546829, -0.10799226128837314, 0.8623404715934943, -0.7731340384012478, 1.6626297235080316, -2.637455534585538, 0.8063598785565542, -0.16950016002511725, 2.601832334949234, 1.1198402904800915, -0.6211459223379339, -2.1038253459357876, -0.08267751999620275, 1.054510895415999, 2.9508380989711647, -1.7624608728190525, -2.2823197475363624, 1.0470547970345228, -0.21114938678014647, -1.8641444167962076, -0.13531354001796844, 1.122750397365003, -1.973343986803791, -0.6569831451078236, 1.408360578883531, 1.1525621841282225, -1.551375017238201, -0.9643497172522693, 0.6883248685122958, -3.0035457242542294, 3.017489440757566, 1.2283065194252754, 1.079246434927576, -2.5351542651521153, 0.7317115651700544, 0.4877929816876088, -0.6823406874434885, 0.46591232030870616, -2.216337044053646, 1.3703592186069242, -2.158683824319911, -1.5752341454887326, 2.2205633380808845, 1.143583197952346, -1.6160014909806524, -2.7944707133745585, -0.06088985773422648, -2.8113147060050045, -0.42665226729375877, -2.597455709182532, -2.9618288153883165, 2.9421126439733625, -2.052243089237423, 2.568497598856993, 1.7622302981923674, -2.700191618990938, -0.5831093511229418, -1.9821419998566194, -1.1533311968538955, -2.768295485106489, -2.569941984178575, 2.879639562550605, 0.957374812724002, -2.246625199370577, -1.5440097260089127, -0.4441376267194134, 1.119052904169379, -1.6115174400680201, 2.14114239152104, 0.04678517324516511, -1.329379406828111, 2.0574009008048453, 1.239554216117745, 0.46498485775085263, -2.0977197591273042, -1.1305109965163587, -0.6124679436434494, 1.700436422892013, -0.8407616053629395, -1.1360080614997095, 1.6806834508800486, 2.1051288421212626, -1.4632538153621621, -1.4360026478337236, 0.011470951542326654, -1.8582599702332865, 0.20104009148441632, 1.465807795055222, 1.0366650060878817, -1.680100542845759, -1.2069452718933176, 1.268439358472482, -1.8520082410891063, -1.6581869516112133, 1.6521340199742287, 2.16131427648431, 0.2066441683948001, -1.3602969899163713, 0.28132082506631834, 0.93662107640372, -1.19495648983574, -1.3042233299875567, 1.0440580854213688, 0.8681499570574284, -0.783774797230219, -3.0482645866059115, 1.0246064840189189, 1.4569817272663959, -0.6719707236758213, 2.8731013306701847, 0.8647562037407638, -2.608714495932515, -1.8931399391389416, -1.4302708250676839, 1.1617602050650417, -1.3394953621222265, 2.9060051112874494, -0.2763873722420898, -2.1047406183149895, -1.7382628606058348, -2.378992639280735, 0.6346214529159779, 1.5956294687083812, -1.4240451463859194, -1.8897853986775666, 1.8123525201268815, 1.1506418735502841, -1.6461075693981655, 1.6541405916918799, -1.0362148618061, 1.8537164204924959, -0.1688722027333565, 0.17110157012344654, 2.1626487598219652, -1.517529518968768, 2.643652174089623, 0.8700764601783844, -2.97297339207914, -1.4339354472548156, 1.5787721447837186, -0.4647732431204195, 1.3985473432328515, 1.0954183601531873, 1.2967522474374413, 0.21729065456151514, -2.473805663626919, -2.2934870215982466, 0.8446442383395392, -3.0375405662427672, -1.9375407896165189, 1.2433759796752035, 0.34447464906676123, -1.6676992768176657, -0.4044988927653864, -3.0966695674464533, 2.0971449502278032, -1.8300307697547793, -2.8703083808477796, 1.9511671854796517, 0.48322819149575724, -2.508491251733534, 2.857233650861465, 0.7768661189190529, -0.41251217644193966, -2.475462874295874, 2.1849469760491, 0.3628066709072087, -1.8885553630882, 2.283452880638439, 2.817288682280611, 1.0744197801310054, -2.0248122562422526, -2.054235098515357, 0.18313514407316442, -0.4930612085506037, -1.4170087366279294, -1.675480883868053, 1.8731186131195978, 2.565009582197829, -2.05212968633085, 0.3233528857567099, 0.9303443183794087, 0.16755545313162665, -1.9198801449213476, 1.4809082556672002, 1.318956561084347, -1.9164519259168367, 0.7544939202908967, -0.5217973713521095, 0.6849852315904166, -1.9512475029744483, -2.065778656571577, 1.143071023174496, -0.03857216259263344, -2.2249288818343307, 2.008023125772725, -2.5251716867932736, 2.056260519894171, -1.0003382273432637, 2.5181992947165015, 0.5736390619273756, 0.7960611666226638, 0.7752728823063595, -1.9245607846897865, 1.0963113310207995, 1.8999985945495619, -1.802575215915735]","[180, 181, 182, 183, 184, 185, 186, 187, 188, 189, 190, 191, 192, 193, 194, 195, 196, 197, 198, 199, 200, 201, 202, 203, 204, 205, 206, 207, 208, 209, 210, 211, 212, 213, 214, 215, 216, 217, 218, 219, 220, 221, 222, 223, 224, 225, 226, 227, 228, 229, 230, 231, 232, 233, 234, 235, 236, 237, 238, 239, 240, 241, 242, 243, 244, 245, 246, 247, 248, 249, 250, 251, 252, 253, 254, 255, 256, 257, 258, 259, 260, 261, 262, 263, 264, 265, 266, 267, 268, 269, 270, 271, 272, 273, 274, 275, 276, 277, 278, 279, 280, 281, 282, 283, 284, 285, 286, 287, 288, 289, 290, 291, 292, 293, 294, 295, 296, 297, 298, 299, 300, 301, 302, 303, 304, 305, 306, 307, 308, 309, 310, 311, 312, 313, 314, 315, 316, 317, 318, 319, 320, 321, 322, 323, 324, 325, 326, 327, 328, 329, 330, 331, 332, 333, 334, 335, 336, 337, 338, 339, 340, 341, 342, 343, 344, 345, 346, 347, 348, 349, 350, 351, 352, 353, 354, 355, 356, 357, 358, 359, 360, 361, 362, 363, 364, 365, 366, 367, 368, 369, 370, 371, 372, 373, 374, 375, 376, 377, 378, 379, 380, 381, 382, 383, 384, 385, 386, 387, 388, 389, 390, 391, 392, 393, 394, 395, 396, 397, 398, 399, 400, 401, 402, 403, 404, 405, 406, 407, 408, 409, 410, 411, 412, 413, 414, 415, 416, 417, 418, 419, 420, 421, 422, 423, 424, 425, 426, 427, 428, 429, 430, 431, 432, 433, 434, 435, 436, 437, 438, 440, 441, 442, 443, 444, 445, 446, 447, 448, 449, 450, 451, 452, 453, 454, 455, 456, 457, 458, 459, 460, 461, 462, 463, 464, 465, 466, 467, 468, 469, 470, 471, 472, 473, 474, 475, 476, 477, 478, 479, 480, 481, 482, 483, 484, 485, 486, 487, 488, 489, 490, 491, 492, 493, 494, 495, 496, 497, 498, 499, 500, 501, 502, 503, 504, 505, 506, 507, 508, 509, 510, 511, 512, 513, 514, 515, 516, 517, 518, 519, 520, 521, 522, 523, 524, 525, 526, 527, 528, 529, 530, 531, 532, 533, 534, 535, 536, 537, 538, 539, 540, 541, 542, 543, 544, 545, 546, 547, 548, 549, 550, 551, 552, 553, 554, 555, 556, 557, 558, 559, 560, 561, 562, 563, 564, 565, 566, 567, 568, 569, 570, 571, 572, 573, 574, 575, 576, 577, 578, 579, 580, 581, 582, 583, 584, 585, 586, 587, 588, 589, 590, 591, 592, 593, 594, 595, 596, 597, 598, 599, 600, 601, 602, 603, 604, 605, 606, 607, 608, 609, 610, 611, 612, 613, 614, 615, 616, 617, 618, 619, 620, 621, 622, 623, 624, 625, 626, 627, 628, 629, 630, 631, 632, 633, 634, 635, 636, 637, 638, 639, 640, 641, 642, 643, 644, 645, 646, 647, 648, 649, 650, 651, 652, 653, 654, 655, 656, 657, 658, 659, 660, 661, 662, 663, 664, 665, 666, 667, 668, 669, 670, 671, 672, 673, 674, 675, 676, 677, 678, 679, 680, 681, 682, 683, 684, 685, 686, 687, 688, 689, 690, 691, 692, 693, 694, 695, 696, 697, 698, 699, 700, 701, 702, 703, 704, 705, 706, 707, 708, 709, 710, 711, 712, 713, 714, 715, 716, 717, 718, 719, 720, 721, 722, 723, 724, 725, 726, 727, 728, 729, 730, 731, 732, 733, 734, 735, 736, 737, 738, 739, 740, 741, 742, 743, 744, 745, 746, 747, 748, 749, 750, 751, 752, 753, 754, 755, 756, 757, 758, 759, 760, 761, 762, 763, 764, 765, 766, 767, 768, 769, 770, 771, 772, 773, 774, 775, 776, 777, 778, 779, 780, 781, 782, 783, 784, 785, 786, 787, 788, 789, 790, 791, 792, 793, 794, 795, 796, 797, 798, 799, 800, 801, 802, 803, 804, 805, 806, 807, 808, 809, 810, 811, 812, 813, 814, 815, 816, 817, 818, 819, 820, 821, 822, 823, 824, 825, 826, 827, 828, 829, 830, 831, 832, 833, 834, 835, 836, 837, 838, 839, 840, 841, 842, 843, 844, 845, 846, 847, 848, 849, 850, 851, 852, 853, 854, 855, 856, 857, 858, 859, 860, 861, 862, 863, 864, 865, 866, 867, 868, 869, 870, 871, 872, 873, 874, 875, 876, 877, 878, 879, 880, 881, 882, 883, 884, 885, 886, 887, 888, 889, 890, 891, 892, 893, 894, 895, 896, 897, 898, 899, 900, 901, 902, 903, 904, 905, 906, 907, 908, 909, 910, 911, 912, 913, 914, 915, 916, 917, 918, 919, 920, 921, 922, 923, 924, 925, 926, 927, 928, 929, 930]"
21,651.5948744404026,577,"[-2.344791678574483, 1.177627977839491, -1.3541517187759606, -2.550088083560733, 0.5480514183925566, 0.3155516867727663, -1.1186344363085272, -2.8428363375953567, -2.3128623830782136, 1.0440671435903472, 2.2629454541194245, -2.2646612419137004, -3.0501229658734013, -0.23603080512403501, 2.719995875941647, -1.6914713092765612, 1.6660908761341071, -0.04747504720474116, -2.9842690319655976, -1.1417840422694814, 1.2562528599836804, -1.622216865267536, -3.1131750049809486, -1.481063298007502, 1.0881296136694076, -2.745281113468102, -0.7464759962083571, 1.3809856302227086, 0.21704047248859734, -2.990846989596537, -2.5883640040740787, 0.9534008947966235, -1.3403161961963799, -2.4835616896921326, 2.1563896772395825, 0.32676767844028426, -2.35161977003918, -2.435299425465902, 1.3705738319546712, 0.27170344666639595, 2.83336546497883, -3.022559070345906, 2.026985010441578, -0.41044965314404375, -3.053043216494587, 2.606334568385021, 0.8511818233927808, -0.5659230616355404, -2.781294114823621, 3.0345737902261303, -0.07316331108394675, 2.8024829144080274, -2.388832261566002, -2.9525731240124076, 0.4959688459817684, 3.0571614134678815, -1.779392509443663, 2.2313210176450538, 0.6900921183522274, -2.6676665389447374, -2.553620185667912, 2.241947605538151, -2.9603748024143823, 3.107181318206124, 2.0315496400879094, 1.1428857845121143, 2.9023084530465204, -2.459862983070578, 2.9850972181409836, 0.35251756581915045, 2.8697978251889285, -2.38192950893028, -2.1923993401086213, 0.8288805665210313, 3.03511089630983, -2.0234145197649256, 1.2827092087514542, -0.3382504212231546, -2.4185248700236848, -0.6969808793141236, 1.071786773835246, -3.0488390757263857, -2.462581609193092, -2.6371761261210147, 0.4478894697859781, -2.982061935964275, -1.7323644938208056, 1.7971630287961038, -0.5249705665989766, -2.4785307430764028, 0.6306059806948558, 2.96005808971346, -1.27940718175898, -1.9919541239120564, -2.5359965350570084, -0.15177367310710824, -1.977468416965359, -2.599031101932347, -1.4122558005511854, 0.598847177901833, -2.9003383421901687, -1.6163790047558402, -0.5691945269752702, -0.08434695035423187, -2.762149834039171, -2.481238518479528, 1.1630556232849343, -0.11764959237768503, -2.683413847341111, 2.1963069317394663, 1.5683578923549986, -1.7788671156810054, -2.569268261504701, -2.6333018380655453, 1.3143015672125091, -2.976024610123809, -2.194493813492502, -2.4699483186361864, 0.048071568463478716, -2.079580407311553, -3.0186951756777907, 0.5820250497358402, -2.916275429023554, 3.0595699380721353, -0.9352332961554934, 1.0046825533877115, -2.1863177086086765, -2.934441458962635, -3.056784705970278, 0.6156752799759578, -2.857718819530108, -2.576266832988499, -0.49836441511888574, 0.6279578671901411, 3.0772661103796333, -1.4201514033054434, -2.634875808791305, 0.17355602142986754, -2.6256592080685093, -1.5033882142814725, 0.6132930761349377, -1.25258673503413, -2.5728229770203024, 2.9563527360781863, 0.2143067373159098, 3.0824708299226335, -2.4440780531668187, 0.7990884239807499, 0.6482752173980614, -2.6361884260395527, 2.2006360914418024, 0.7885373571263538, -0.7127643597328625, -2.923785944555147, -0.24851631550245112, 0.6898459547797414, -2.0829946116460825, -2.724409826821288, 0.07226600430719347, 1.9130568698836317, -3.059239587736824, -2.2678231539239273, 3.067107157665208, 1.0883739607093017, -2.823355576419787, -1.8816440354773603, 1.5230766220576963, -0.8469711611911314, -2.7439224349342757, -2.26660233994634, 1.0383120626364848, -1.9728321586308868, -2.8930505634745107, -2.977014170982381, 0.9541506742140946, -2.525790274701423, -2.7110116077495525, 1.6004134383589208, 0.8745612090131392, -2.580762787430727, 2.690098763608128, 0.6680770409679365, -1.2721753144169798, -3.0373737723928853, -2.3497162125303523, 0.18610161391870816, -2.628132502838007, -2.694221014880243, -1.701032486751988, 0.06766251022630546, -2.3929428340184145, -2.9983235138904405, 3.0256438399513583, 0.5682784842703531, -2.3881408470611456, -2.8740050239718995, -1.4327808018041963, 0.4165019905575318, -2.779176891321751, -1.0502478764925625, 2.66247763886575, -0.4708164505034748, -2.9944010584655314, -1.5183129655924243, 1.9117383647059314, -0.5113523462670516, -2.2884777660764235, -3.121833777193758, 1.5509418804502038, -3.0267330194179527, -2.4389962900946003, 1.3342860851192453, -1.120640397027553, -2.900697780487969, -2.698721093956343, 1.9036618616383756, 0.813757597111628, -2.900259515884558, -0.527937842807607, 0.6740065099303346, -1.6141728704382294, -2.822725123244722, 2.4912263971051503, 0.4151327133876824, 3.0528584280587645, -2.013298038251623, -2.5215346233802975, 1.163678051003777, -2.928257867875612, -2.2763186392923913, 1.9185072192604453, -0.3769097688221867, -2.4361639984016294, 2.378534726674847, 1.3974119783428594, -2.2412823538615156, -2.6631090988128197, 2.0965423221664414, 0.07214073953551225, 3.1224071892305942, -1.7068165541399865, 1.1481655677352112, 0.12532119835489547, -2.78364395592285, -0.5418074814405324, 2.178924358209714, -0.1723112490740731, -3.123173077923359, -3.0231679471242625, 0.9254425191150945, -2.0871138130528517, -2.576821513172612, -2.7403138956646726, -0.10928349634172381, -2.0919360100718163, -2.696254406559242, 3.0156232648338603, 0.6682788041570921, 0, 3.1349936771232865, 0.23429479377441717, -2.7219933381649875, -0.9963450262986919, 2.0149850116535633, 0.11256913292673347, -2.3375020230200017, 1.864524425631129, 0.8639682023982891, 0.1624917998506892, -2.276827018297335, -1.8156579314537602, 1.087873371073405, -2.841948131211146, -2.1778960521005324, 1.0466972678727875, -1.4523347201495618, 3.0472355882694235, -2.307013308296442, 1.0246095237851947, -0.8887253416428388, -2.811045726234438, -1.479378809867134, 0.4195767840597018, -1.2988227125926228, -2.761815818849055, 0.8110245405518239, 1.6837916815527287, 3.0429916780514845, -2.095934016462718, 3.0351234927695114, 0.10459149493959573, -1.8765027726851047, -0.08615844898843066, 2.5817126211861887, -0.10328510206986019, -2.9016199170123462, -2.7012367895217984, 0.7161469762331159, 3.1079975825757784, -1.99095708615371, -1.3889489352940048, 0.5551856547548877, 2.1475962247463047, -2.4892704295180605, 0.6762118932753661, -0.17479875854004057, -2.7425223709727478, 2.1265564424962875, 1.0675028381449911, -0.8175497079933681, -2.684020173496368, 2.06873078354595, 0.23220386966780618, -3.1215253208701403, -2.388325560102926, 2.429542816713565, 0.38196141245450854, -2.8195715889453763, -1.7500135718580851, 2.9141088362481984, -0.07425937525790159, -2.8990350313802287, -1.416904879712704, 0.76152079810285, -2.970307013454089, -2.345927061449527, -2.3661006125553654, 0.5715297683179172, -3.1350088912539578, -2.172346485757092, 1.2898290168522315, -0.6801264246965052, -2.8576776859701156, 0.928214677889531, 0.9132063656111844, -1.669365779520922, -2.9755089736186586, 2.8227303474515986, 0.5169325582311162, 3.0113866819490736, -2.442896530814829, -0.8626948975109324, 0.4957200692718647, -2.438148638990694, -2.479071994113462, -1.6410391175914207, -0.4683912734143187, -2.9492153116271007, 1.8497282868372833, 1.0947131616659318, -2.326790551791028, -2.852942975926712, 0.535216326712243, 0.5443404576576081, -2.3840763455632974, -2.7625819685416064, 1.50969272606717, -2.9533601507203384, -2.6631368930692254, -2.1838716204029454, -2.811131282733882, -0.1781044639178538, -2.891646033993749, -1.928288532965287, 0.8153863813279255, -3.0343265711042395, -2.6494963601710375, 2.2956601854644867, 0.588681652127694, -2.571642696831435, -0.954709873006281, 1.5014174144069865, -0.38098083038157937, 3.125786434415258, -2.1409127656277946, 2.0566257786535407, -0.2892408655013641, -2.6575485771478244, 0.7663031906303117, 0.9428650163852124, -1.9509109063561298, -1.9971621862664588, -0.2473155960996005, 0.6711059764278134, -2.98241676656238, 3.1296264414246253, 1.6572425295226376, -0.08113787035709567, -2.8190646243236195, 2.9337527667936403, 0.5355663802840623, -2.051244452016086, 2.8608837324715246, -1.5706853709218862, 0.6862434299337313, -3.124153133613624, -2.734062567264797, -1.1714108455144439, 0.46534389042022517, -2.9738525326631193, -2.0874654551748306, 1.755279296672087, 0.1708721359286457, 3.019468995537921, -1.4638640215448266, 0.9537750052834255, -2.339566981259602, -2.3916129817659537, 0.9153199766498601, 0.627603163243021, -2.9628797762416847, -2.171175843155817, 0.8147722515200495, -2.435878420817327, -3.0946384331140577, -0.10879741495187144, 1.2008594782876791, -2.1372422035552487, -2.890199721676872, -2.1154550545612665, 0.24124894461520233, -2.793983385326084, -2.5578674676025357, -2.202561503309522, 0.9382667986691487, -2.45586063726471, -2.6003609139746096, -2.632414302118775, 0.7815696688068334, -2.5423149271182113, 0.002258406015791673, 2.85129874717545, -0.023051477725001757, -2.778974509540543, 2.6986066348346527, 2.939797681347157, 2.7855624678816917, -2.681281793832848, -0.6501166184546029, 0.09445024307783745, -2.384286913152917, -2.3612117377925577, 1.7080112544001873, -0.7145089333461948, -2.6605930747148423, 2.1645558614178126, 0.8515831413086752, -2.3029033596332575, -2.711603085557112, -2.336825887970517, 0.38967124073912324, 3.022618945550338, 3.1133989168559166, -1.136527512091545, 0.7164170665903044, 2.9479247230984984, -2.266891625228568, 3.087043402939938, 0.08863377308913496, -2.7663053582462394, 0.8707374967618446, 1.1238400679501013, 0.3225021752030199, -3.0194494612656837, -0.9290847434999999, 0.5580607721645667, -1.876181064441259, 0.015423003972878494, 1.8723624221212536, -0.4518889760073622, -2.940159091533137, -1.895537694584827, -0.014079707878639566, 2.985340548106062, -2.8747392088466226, 0.8943672275734614, 1.3833237132855218, 2.132530320457982, -2.36999231620811, -0.09205094609398518, 0.1796510061669737, 3.003697562493351, -2.5563618636333687, -2.5130470377249052, 0.20992979688392688, -2.8683813590464418, 2.8665906885111565, 1.4687658874037564, -0.6699828555394756, 2.894229134810975, -2.946137211147431, -0.010976915585165429, 3.0279719732353394, -2.317783016202321, 0.7122938104907087, -2.3628653552452135, -2.917474650456547, -2.2653709364738637, 0.35761103316629755, -3.067810766527882, -1.6692745147390666, -2.9064393886631765, 0.8453107603987823, -1.5401117530195934, -2.909974221592749, 1.0726792731541956, 0.08395617036201507, -2.7795906044169776, -2.6021555493404818, 1.6009941367666034, -0.8020393635589649, -3.0805518328311954, 2.7555549288474888, -1.5385518406035883, -0.45308748601981463, -2.9498730451773123, 1.3024132073744732, -0.317457545374768, 2.2111467994321004, -2.0276051094983125, 2.355214894770817, 0.07293760243265629, 3.011820060571851, -1.9890079786802666, 0.8422952921363271, -1.3627391259838453, -2.43026494701047, 0.7324133635754435, 0.15089452030989092, -2.5661563066776094, -3.1372309043496256, 2.8815145468761347, -0.6638648616231411, -3.0260220997211325, 2.8229090140041766, -1.9146183507771308, 0.4072753210762075, -2.747851387943907, -1.8994319946404683, 0.8369979028562435, 2.7062983189682686, -2.02296925838682, 1.457964874829958, 0.6729831985007864, 3.001975736022779, -2.070272157418228, 1.9014933904393956, 0.08683207895399724, -2.6571280432613937, 2.8434824406832364, 0.004785290916322801, 2.8758361620434867, -3.0822694652700102, -1.0813011309666811, 0.5717914260683215, -2.422796937100058, 3.1375372301162234, -1.386464354486811, 0.20847739551720693, 3.1403796076766315, -2.3109880640256253, 2.9835122347403007, 0.17137480270515876, -2.7031730234483695, 2.6996334430623263, 0.9778966643247758, -0.7319960969283119, -2.898877506242348, 2.391854225576891, 0.004900923093383982, 3.0545073817262205, -2.6199660257337407, 2.5537407530874825, 0.6469334752105262, -2.6550614793278635, -2.314946300581722, 0]","[180, 181, 182, 183, 184, 185, 186, 187, 188, 189, 190, 191, 192, 193, 194, 195, 196, 197, 198, 199, 200, 201, 202, 203, 204, 205, 206, 207, 208, 209, 210, 211, 212, 213, 214, 215, 216, 217, 218, 219, 220, 221, 222, 223, 224, 225, 226, 227, 228, 229, 230, 231, 232, 233, 234, 235, 236, 237, 238, 239, 240, 241, 242, 243, 244, 245, 246, 247, 248, 249, 250, 251, 252, 253, 254, 255, 256, 257, 258, 259, 260, 261, 262, 263, 264, 265, 266, 267, 268, 269, 270, 271, 272, 273, 274, 275, 276, 277, 278, 279, 280, 281, 282, 283, 284, 285, 286, 287, 288, 289, 290, 291, 292, 293, 294, 295, 296, 297, 298, 299, 300, 301, 302, 303, 304, 305, 306, 307, 308, 309, 310, 311, 312, 313, 314, 315, 316, 317, 318, 319, 320, 321, 322, 323, 324, 325, 326, 327, 328, 329, 330, 331, 332, 333, 334, 335, 336, 337, 338, 339, 340, 341, 342, 343, 344, 345, 346, 347, 348, 349, 350, 351, 352, 353, 354, 355, 356, 357, 358, 359, 360, 361, 362, 363, 364, 365, 366, 367, 368, 369, 370, 371, 372, 373, 374, 375, 376, 377, 378, 379, 380, 381, 382, 383, 384, 385, 386, 387, 388, 389, 390, 391, 392, 393, 394, 395, 396, 397, 398, 399, 400, 401, 402, 403, 404, 405, 406, 407, 408, 409, 410, 411, 412, 413, 414, 415, 416, 417, 418, 419, 420, 421, 422, 423, 424, 425, 426, 427, 428, 429, 430, 431, 432, 433, 434, 435, 436, 437, 438, 440, 441, 442, 443, 444, 445, 446, 447, 448, 449, 450, 451, 452, 453, 454, 455, 456, 457, 458, 459, 460, 461, 462, 463, 464, 465, 466, 467, 468, 469, 470, 471, 472, 473, 474, 475, 476, 477, 478, 479, 480, 481, 482, 483, 484, 485, 486, 487, 488, 489, 490, 491, 492, 493, 494, 495, 496, 497, 498, 499, 500, 501, 502, 503, 504, 505, 506, 507, 508, 509, 510, 511, 512, 513, 514, 515, 516, 517, 518, 519, 520, 521, 522, 523, 524, 525, 526, 527, 528, 529, 530, 531, 532, 533, 534, 535, 536, 537, 538, 539, 540, 541, 542, 543, 544, 545, 546, 547, 548, 549, 550, 551, 552, 553, 554, 555, 556, 557, 558, 559, 560, 561, 562, 563, 564, 565, 566, 567, 568, 569, 570, 571, 572, 573, 574, 575, 576, 577, 578, 579, 580, 581, 582, 583, 584, 585, 586, 587, 588, 589, 590, 591, 592, 593, 594, 595, 596, 597, 598, 599, 600, 601, 602, 603, 604, 605, 606, 607, 608, 609, 610, 611, 612, 613, 614, 615, 616, 617, 618, 619, 620, 621, 622, 623, 624, 625, 626, 627, 628, 629, 630, 631, 632, 633, 634, 635, 636, 637, 638, 639, 640, 641, 642, 643, 644, 645, 646, 647, 648, 649, 650, 651, 652, 653, 654, 655, 656, 657, 658, 659, 660, 661, 662, 663, 664, 665, 666, 667, 668, 669, 670, 671, 672, 673, 674, 675, 676, 677, 678, 679, 680, 681, 682, 683, 684, 685, 686, 687, 688, 689, 690, 691, 692, 693, 694, 695, 696, 697, 698, 699, 700, 701, 702, 703, 704, 705, 706, 707, 708, 709, 710, 711, 712, 713, 714, 715, 716, 717, 718, 719, 720, 721, 722, 723, 724, 725, 726, 727, 728, 729, 730, 731, 732, 733, 734, 735, 736, 737, 738, 739, 740, 741, 742, 743, 744, 745, 746, 747, 748, 749, 750, 751, 752, 753, 754, 755, 756, 757]"
22,635.6496909544657,747,"[-0.005722300477574319, -2.6742476488216695, 3.0403936701856398, -0.10630880641537402, 0.7698251983330726, -3.0003808084746995, -0.8491928678051301, -2.0593200919698376, 2.7022889516767177, -2.471405606997925, -2.199543794413625, 2.272649345900178, 1.4569294431098707, 0, 0.4819202774805856, 1.1834434399853497, 2.8232520860836767, 0.11540343516153137, 0.8678808041321592, 1.3652354721846807, -2.970898257067336, 0.30858827599028593, -0.8490453644863463, 2.1634882445199315, 3.0376402757726924, 0, -1.7069741129786995, 0.6643087881617067, -1.892131765916237, 2.9840844091306455, 0.32323299431222524, 1.6072179510322073, -3.059688652859717, 0.2602115712026483, 0.6372317015104806, -0.1519069613777025, -2.5729554215882584, 2.394423875075491, 0.07282800463864612, 0.24499236442897898, -2.840733357200588, 2.781012317143297, 0.728523259739129, -0.6772837650701381, 2.7839759786677116, -0.11236548372778024, -3.097545309091662, 0.22679508678199894, 2.447375319540262, -0.29435443058081817, -3.103759975964152, 2.489050207494558, 1.6286968858827608, -0.2772390445640315, -2.913905874024423, -2.726814377181537, 2.850543201216826, 0.9572913979978454, -3.0067767213463195, 2.071101743841707, -0.2957850379334665, 0.17993375683667875, -3.0661993123787856, -0.4271775493161461, -0.03767843404596374, -3.12556072972571, 1.2150357129885898, 2.62545241940617, -0.9035208055357229, -2.7144584644580876, 2.4601521588497626, 1.323373837531194, 0.5070283406089829, 0.6205379215034573, -0.32563588110683217, 0.10262756885991034, 2.450258040253345, 0.4914541809719838, -0.7824490635143303, 2.6579960353528174, -3.107664135326369, -0.7129866359423405, -2.3256051631558643, 2.139530840074048, -0.5023482297204654, -0.9009306349639636, 2.4985394279586717, 2.347656410428285, 0.1980756626362283, -1.0095782379695961, 1.6694478193428262, 0.921061426989293, -1.0663579545325024, 0.46525626233979944, 2.3586323014527077, 0.5438745174959354, -0.9515412240587884, -1.275513100495607, 2.357578339726948, 1.0128559376466058, -0.3669999803223611, 1.202224794542758, 1.7955203066603744, -0.34729719834542855, -0.4587893980345639, -0.14587728403501182, 2.190341181067348, 0.35549818580358034, -0.6990168416072268, 2.092025329097419, 1.9604226879806308, -1.2588141250232574, 0.04304637606588419, 2.1107794446024437, -1.3444268239370387, -1.175926799799044, 0.1928950041423939, 1.4350832870605477, -0.6239678813228648, -2.177763106938103, 1.4615322049828414, -2.5709754070344473, -0.24616224337399997, -1.3727660211360866, 1.5805898875428421, 2.4039519824523685, -0.8712846709103551, -3.027783175223371, 2.341345419964128, 1.5012814713901903, -1.0301726387836911, 2.973857556989624, 1.8524922795889798, 2.296789893363452, -1.0222328547018538, 1.5967677152886892, 2.0574598172305048, -0.888171346633567, -2.493402568327319, 1.2690433993132761, 3.067105250342701, -1.3435426915800301, -1.6453621650968335, 1.4858787083065996, -0.503197546429854, -0.6961530027336885, 2.3999019594132682, 1.3960860581276613, -1.052901524205408, -1.8028026051823112, 1.4294416408846373, 1.0324839352555946, -1.9124388766159057, -2.7894420958624138, 0.6458327415187433, 1.9705419689076271, -1.4099118428277415, -1.9730705617748614, 1.3728252004790384, 2.209686822341791, -1.9441397773563314, 1.4824034986877537, 1.3496992561202514, -0.14444411237681754, -1.9768869100181417, 1.1012753487681086, 1.3131181697501066, -0.4995289079406501, -1.7926788024130313, 0.6611665744529628, 2.2132174822959887, -0.5680755296956231, -3.0236127212425705, 0.7400568441434996, 2.986103794677638, -2.1806553950723386, -0.12930432203752534, 1.2217926444948974, 0.37461618983517125, -1.7505261895097004, 0.6712748346696547, 1.192097368114033, -1.5557331594214605, -2.3442653046470396, -0.6210175245153001, 1.960734958909209, -2.0475893969870436, 2.5705711630842476, 1.2350872335782568, 2.8735829036479474, -1.7767478064022144, -0.18282492370245762, 1.223424984002097, -1.0150091180767822, -1.8754696660723909, 1.9232744176247203, 1.0134495317742787, -1.3190249868204211, -1.8652354286157207, 0.7240103940298698, 1.129126351889178, -1.5041715936620643, -2.018253671813898, 0.24767455528505744, 0.7468348922095983, -1.638930424312259, 1.7178579562960732, 1.541085301307125, 1.585579550065005, -1.6745514329795883, -1.7601488659959053, 0.8390067813389349, 1.7605436901190816, -2.1585812700018403, 0.3472493406425019, 1.9174535822929253, -1.4405759442378256, -2.706530944580459, 1.6610478248002642, 3.068667999934294, -1.428903854201375, 1.8622579789720426, 0.7746949774293734, 2.633852979287101, -2.228357812907512, 2.512999656265326, 1.2125400340602448, 1.1967218817729082, -2.0638551856002887, 0.43097503800604503, 2.1066419531483884, -0.958928608528415, -2.340919689574415, 0.5557551230891299, 1.5723333882463895, -1.38152316611465, -3.0747573487101088, 1.1596043457193779, -2.919640546496823, -1.6574869784291129, -0.24814094727148506, 1.7650229235999688, -2.4809321322873075, -1.6837136374195771, 1.2183225179125479, 2.1989723862412345, -2.2054578334417574, 1.1747551185253917, 1.2216653525772856, 1.432650028463109, -1.2452371778061269, 2.24050120708943, 1.3010973426898396, 0.484918508933519, -1.7571184961141395, 0.5940448918356572, 1.1579636507705071, 0.178449754458698, -1.793236297275573, 0.52329783632581, 1.4347399327031587, -0.07022892627412317, -1.564703993769486, 0.6646897514757635, 1.5223398797349164, -1.6323183699780461, 1.1686604107102727, -0.01550216048277462, 1.7380265966406694, -1.7274214678036088, 1.6802897274301765, 1.5340540214599534, -0.20315491140608616, -1.794131231948285, 2.3990158499212373, 1.7961306404545572, 0.7773678599517392, -3.121657114674826, 1.6500414793819413, 1.1780495625840668, -1.4514398261850467, 2.1086674433914983, 0.9722055484450753, 0.6058494080249596, -1.5557042108192352, 2.429387809749032, 0.8226096476545575, 0.24674421882116726, -1.4311160844355768, 0.373486532815494, 1.3482524167218874, 2.3495897053181305, -1.669832924605064, 0.4147348848778652, 1.9073332644924277, -1.7911285403930697, -2.0538081558819523, 1.0495377025803656, 1.6625655961342656, -1.4385706678607986, -0.015539705738736562, 0.8547972864068752, -2.255618674949406, -2.385758611710705, 0.7419146532880958, 0.21871401848147032, -1.4492085465055602, -2.1049249621997213, 0.9428456886575499, 1.610737405367833, -1.5078389981430076, 2.959959262508029, 0.8699389867912016, 1.986156882376123, -2.0446660253492204, 2.279210257548755, 1.007560116523731, -2.11627882903619, -2.1680043974417758, 1.3105216207343373, 1.7976697294420805, -2.3599713655820778, 2.472370384358565, 0.377435072965322, 1.163299267891147, -1.2217079272333544, -3.0639512128212107, 1.3086773187339833, -0.19764281217968832, -1.9764442619833382, 0.3525868728478817, 1.5623803942756513, -0.7011140866328471, 2.9246698961587967, 0.7335779937695922, 1.654026320360599, -2.0776476997608966, 2.101444695336524, 0.9272720929033188, 1.8616732453283658, -2.208188969720846, 2.6014811003378555, 0.7691142986657087, -2.995655394697869, -1.8891176011566433, 0.7825388336029463, 1.482256285828042, -0.07200456535623002, -3.0366135749292615, 0.9335689813445581, 2.2547808347805467, -2.1628549786406897, 2.867278119039081, 1.3843414701730044, 2.452016956780056, -2.6077781872531536, -0.7708325428767494, 1.3957732860857037, -0.9961972417155749, -2.625129721103822, 0.8965891248982524, 1.9995017365217602, -2.080087945139358, 2.4027357147785278, 0.5087265006180619, 0.7773485531320669, -1.6691423270655783, -3.0682917377617125, 1.4336777685503577, -1.2447474017417064, -2.105371122441942, -0.5860207401305851, 1.1910718173550952, -3.138140027931077, -2.3138871741013496, 1.0602073216823047, 1.7195932669089662, 1.459643956516404, -2.3331869006027173, 0.8096441720583114, -1.7586836632779024, -2.486076686653306, 2.9408383663828035, 1.8593317744387126, 2.9259479024305604, 2.9864971363648354, -2.0002519687071776, 1.0346646749087771, -1.6993657494576329, 1.6163246289652795, -0.13061558391041533, 0.6319842105116057, -2.255435254895269, 0.22720658523003676, 0.7445296026577028, -1.6206525426874387, -2.0646351168776023, 1.6830385800824128, 1.060997781765729, -0.89282116533622, -2.23054540245513, 0.1057175514757435, 2.333945653945224, 0.7793216378332917, -2.5464672650825224, 1.0768638260964172, 1.392930009362976, -1.7328911958718314, 2.1311008769235715, 1.3722844264308078, -2.174309389219452, -2.7047375259677957, 0.13112071155484226, 1.1597459816354083, -0.2024919658959446, -2.9255702591213564, 0.7395747507911449, 1.0710937489512395, -2.1912280768877164, 1.5712010837481634, 1.471025062161549, 2.5291879879565857, -1.862946125437896, 0.15366023285232885, 1.3036723825167844, 0.8663117665194091, -1.9170129015408592, -0.18094134556698363, 0.8516171358174965, -2.5291135854883406, -0.9958280124475752, 0.3359873775687956, 1.4709558911814533, -2.4348192720327075, 2.6697998077650684, 2.7111308572158452, 1.0503638011057945, -2.506712825886749, 1.6602091313996004, 0.9488917303976386, 2.7097280410566777, -1.7895661246589865, 2.8243351342314074, 1.0237293860002983, -2.044887915666965, 1.3779301814009612, 0.9768638433486695, 1.3514980371935956, -1.9479506801802537, -1.0925652948267024, 1.0564256213353913, 1.2602231624223876, -2.3905679127293666, -2.6153939134825506, 1.2968838169842465, -0.5679012385706843, -0.5125999228045194, 1.734160631013732, 1.3273646446890093, 0.029600978614230587, -2.3218591583173653, 0.2138467220402723, 1.0154009363864507, -1.7397927802844566, 1.3215462080642224, 1.3192035545258363, -1.7985646016765748, -2.597531299136298, 2.114446204789763, 0, -2.0294041067778745, 0.22325981804501913, -2.53316472026126, -1.2221571273246457, 1.777350304463544, 1.1876945408770505, 2.1973255983259596, -2.0689797497650106, 1.3557612661923695, 1.1032301630343244, 0.017030596497359225, -2.1755171742164694, 1.8911399302507221, 0.9156184765945504, -1.7882286980804232, -2.5047600149882183, 0.8150997940484848, 2.783054386372556, -2.494662338290776, 1.0917029296486116, 1.4868304477794552, 2.8194577731414587, 2.925378174486656, 2.2062035263613047, 0.8968410021117941, -2.1994793150254566, 1.5732580796678348, -0.7343069615614394, 1.6292210257296402, 0.3664932021289454, -2.241930308181142, 0.66671395604076, 1.2157439230519262, -2.2554744823396673, -0.9508240306002671, 1.0793846002953331, 0.19288467574775592, -1.6969016001254835, 0.37966028855916417, 0.8214547232177232, -1.730520369106224, 2.247641630226608, 1.1073289198954488, 2.3294005543800282, -1.931853285710979, 0.7671168737316074, 1.3079042118357604, -3.0365025885597174, 2.413697260555614, 0.4578066334985407, 3.0121619337594017, -0.8305515944709, -2.453394939477439, -0.19592127621107067, 0.28380986574172523, -1.1589210361818572, -2.3033259874554317, 1.2076892558225847, 1.0674628612142867, -2.9474817042012567, 0.4629739143063727, 0.9661749097096771, -1.106313814841549, -1.5282713682795268, 1.0831419010576018, -0.06219041411859325, -1.4372797934344423, 3.1078191243051574, 0.22598709275333353, 1.605389954312061, -2.284827296561874, 0.9608947254577876, 1.7582748182256027, -1.4910367741292152, 2.7584054280027672, -0.949003039054882, 1.813566282753312, -1.7726265283912745, 1.8915876041308077, 0.7420290488946016, -1.6310710717353434, -1.8622714037222363, -2.256773548598653, 1.2980664111398046, -1.5683332764960043, -2.9674998440800455, 0.13951175232850146, 0.9461360434875649, -2.5509354311125136, -2.370619175169844, -3.04772948955848, 0.9966897236718678, -0.026893088043668772, -1.6475474289449672, 0.6904943008048156, 2.429546129826557, -1.8747340962526229, 2.2903571845705337, 1.3443011239769218, 1.5654629542528014, -0.8357416890744843, 0.45492021738232463, 1.4034781917837014, -1.7254404697894485, 2.8053059555607245, 0.887039238904183, -2.8346424952018525, -1.4184042942829358, 0.7016294020503582, 0.5514067062532877, 0.030826641351973723, -2.4712603288570776, -0.6238430698272496, 1.6053903070296827, 0.33248001775719904, -2.208995842550255, 0.6137485923402286, 2.0873300625425846, -2.8012056916448915, -2.6326275694835957, 0.6064232346000624, -2.385392674795431, -2.0427920022349073, 0.833924389831036, 2.953468926672393, 0.7864989487585646, -2.4900969087687814, 2.1456131529048204, 1.1822780751225999, -1.3789853957422522, 2.9198254339045953, -0.649756709505979, 1.9199467255467635, -1.6385136169591605, -2.6525916643159624, 1.993136995506373, 1.0405916044945476, -2.0427064212468355, -2.3556908310622626, 1.3375375483431922, -1.8296158697667448, -2.495603482544747, 0.5897255923434467, 1.7032868388447875, 2.7862184844319327, -2.2589846198475296, 0.952109128352904, 1.2679715393868403, -1.9827154623978982, 1.703908516373777, 0.965344341234008, 0.984361125187326, -1.9839640297173133, -0.7815552588001471, 0.5200408305216001, -1.3590541683203436, 2.4569025100591646, 0.6593215804518364, 1.7430413559071727, -2.2037773717220235, -2.41753935600854, 0.6044846033604399, -2.6239865477222244, -1.5694157781847364, -0.611634694086889, 0.04294415960027298, -2.630248028448158, 3.1152363743102938, -2.172411343147796, 1.6232708294215508, 1.7999974709783007, -2.6686415106657657, -0.628274368974433, 1.8508758999614565, 1.7501616131493485, -2.4819995775455257, 0.3795884255959615, 1.9765734746469763, -1.2946799946242242, 0.9194244075911486, 0.6337320178194586, 3.0660680369203877, 1.2299291655780282, -1.8432687179190672, 1.7197639213644864, -1.8461180716940975, -2.6993623576212933, 0.6582803822001805, 2.0294521007191877, -1.837752298641362, -2.5056507401020642, 0.9941316535283349, 1.2077078137617359, -1.8729761576806525, -0.09437448616056718, 1.185942419927099, 0.8579251578254096, -2.070397365838344, 2.5038374508248262, 0.6793202384264493, 0.17833159429154188, -1.9561981061167244, 0.0207719760163119, 2.2688031353036284, -2.7250788676600077, 0.38153137791044456, 0.828558376764336, 0.2447258844108128, -2.0851272192617922, 1.2379427856585261, 3.052462007428714, -1.2963119900309799, -0.5097701233713501, 0.059090341037190096, 0.9692459337995694, -0.6145690276136232, -3.005121125418455, 0.7344630512886223, 2.2428572414033385, -1.6357132736474704, 0.34201385949078783, 1.5295043001211235, -1.27670550625489, -1.2089757512226698, 0.9054649563134324, 0.9037757743470421, 0.30419406336994165, -2.4461014243005295, 1.0405539253794192, 1.681693203797957, -1.5416788379967192, 2.3622244406326334, 0.9463898387858227, 1.8337677529074012, -2.106488210131893, 0.9658560068183097, 1.2724558181619579, -0.6369703602359825, -3.0405036995742014, 0.4942109562095227, 1.470611057817572, -1.8671960475378298, 0.9678972352333286, -0.38184817460834636, 2.8074330211447083, -2.550271457287061, -2.747006734898946, 0.7729081670811846, 0.7636782619632253, -1.4928818693001928, 1.5144041940866155, 1.0976366043225936, 1.0637272297258635, 2.9703026535886994, 1.3734292051602282, 2.215382539226958, -1.6863371931605462, -2.8534310246789683, 1.667341124743517, -0.0811551911385548, -1.3259965902074824, -0.9084088021856208, 0.6694357762063349, -2.032194833191822, -3.0150498015061387, 1.0253761244686617, -1.2145822954664354, -0.5771614000074804, -3.091208695205094, -2.2847072244517985, -1.1766844308178328, 0.8096842897304399, 0.779869796639485, -3.07963838519927, -2.4066140665787707, 1.0957294544972653, 3.0734341472701407]","[180, 181, 182, 183, 184, 185, 186, 187, 188, 189, 190, 191, 192, 193, 195, 196, 197, 198, 199, 200, 201, 202, 203, 204, 205, 206, 209, 210, 211, 212, 213, 214, 215, 216, 217, 218, 219, 220, 221, 222, 223, 224, 225, 226, 227, 228, 229, 230, 231, 232, 233, 234, 235, 236, 237, 238, 239, 240, 241, 242, 243, 244, 245, 246, 247, 248, 249, 250, 251, 252, 253, 254, 255, 256, 257, 258, 259, 260, 261, 262, 263, 264, 265, 266, 267, 268, 269, 270, 271, 272, 273, 274, 275, 276, 277, 278, 279, 280, 281, 282, 283, 284, 285, 286, 287, 288, 289, 290, 291, 292, 293, 294, 295, 296, 297, 298, 299, 300, 301, 302, 303, 304, 305, 306, 307, 308, 309, 310, 311, 312, 313, 314, 315, 316, 317, 318, 319, 320, 321, 322, 323, 324, 325, 326, 327, 328, 329, 330, 331, 332, 333, 334, 335, 336, 337, 338, 339, 340, 341, 342, 343, 344, 345, 346, 347, 348, 349, 350, 351, 352, 353, 354, 355, 356, 357, 358, 359, 360, 361, 362, 363, 364, 365, 366, 367, 368, 369, 370, 371, 372, 373, 374, 375, 376, 377, 378, 379, 380, 381, 382, 383, 384, 385, 386, 387, 388, 389, 390, 391, 392, 393, 394, 395, 396, 397, 398, 399, 400, 401, 402, 403, 404, 405, 406, 407, 408, 409, 410, 411, 412, 413, 414, 415, 416, 417, 418, 419, 420, 421, 422, 423, 424, 425, 426, 427, 428, 429, 430, 431, 432, 433, 434, 435, 436, 437, 438, 439, 440, 441, 442, 443, 444, 445, 446, 447, 448, 449, 450, 451, 452, 453, 454, 455, 456, 457, 458, 459, 460, 461, 462, 463, 464, 465, 466, 467, 468, 469, 470, 471, 472, 473, 474, 475, 476, 477, 478, 479, 480, 481, 482, 483, 484, 485, 486, 487, 488, 489, 490, 491, 492, 493, 494, 495, 496, 497, 498, 499, 500, 501, 502, 503, 504, 505, 506, 507, 508, 509, 510, 511, 512, 513, 514, 515, 516, 517, 518, 519, 520, 521, 522, 523, 524, 525, 526, 527, 528, 529, 530, 531, 532, 533, 534, 535, 536, 537, 538, 539, 540, 541, 542, 543, 544, 545, 546, 547, 548, 549, 550, 551, 552, 553, 554, 555, 556, 557, 558, 559, 560, 561, 562, 563, 564, 565, 566, 567, 568, 569, 570, 571, 572, 573, 574, 575, 576, 577, 578, 579, 580, 581, 582, 583, 584, 585, 586, 587, 588, 589, 590, 591, 592, 593, 594, 595, 596, 597, 598, 599, 600, 601, 602, 603, 604, 605, 606, 607, 608, 609, 610, 611, 612, 613, 614, 615, 616, 617, 618, 619, 620, 621, 622, 623, 624, 625, 626, 627, 628, 629, 630, 631, 632, 633, 634, 635, 636, 637, 638, 639, 640, 641, 642, 643, 644, 645, 646, 647, 648, 649, 650, 651, 652, 654, 655, 656, 657, 658, 659, 660, 661, 662, 663, 664, 665, 666, 667, 668, 669, 670, 671, 672, 673, 674, 675, 676, 677, 678, 679, 680, 681, 682, 683, 684, 685, 686, 687, 688, 689, 690, 691, 692, 693, 694, 695, 696, 697, 698, 699, 700, 701, 702, 703, 704, 705, 706, 707, 708, 709, 710, 711, 712, 713, 714, 715, 716, 717, 718, 719, 720, 721, 722, 723, 724, 725, 726, 727, 728, 729, 730, 731, 732, 733, 734, 735, 736, 737, 738, 739, 740, 741, 742, 743, 744, 745, 746, 747, 748, 749, 750, 751, 752, 753, 754, 755, 756, 757, 758, 759, 760, 761, 762, 763, 764, 765, 766, 767, 768, 769, 770, 771, 772, 773, 774, 775, 776, 777, 778, 779, 780, 781, 782, 783, 784, 785, 786, 787, 788, 789, 790, 791, 792, 793, 794, 795, 796, 797, 798, 799, 800, 801, 802, 803, 804, 805, 806, 807, 808, 809, 810, 811, 812, 813, 814, 815, 816, 817, 818, 819, 820, 821, 822, 823, 824, 825, 826, 827, 828, 829, 830, 831, 832, 833, 834, 835, 836, 837, 838, 839, 840, 841, 842, 843, 844, 845, 846, 847, 848, 849, 850, 851, 852, 853, 854, 855, 856, 857, 858, 859, 860, 861, 862, 863, 864, 865, 866, 867, 868, 869, 870, 871, 872, 873, 874, 875, 876, 877, 878, 879, 880, 881, 882, 883, 884, 885, 886, 887, 888, 889, 890, 891, 892, 893, 894, 895, 896, 897, 898, 899, 900, 901, 902, 903, 904, 905, 906, 907, 908, 909, 910, 911, 912, 913, 914, 915, 916, 917, 918, 919, 920, 921, 922, 923, 924, 925, 926, 927, 928, 929, 930]"
24,403.43327353195275,673,"[-2.441870743435255, -0.287854860203922, 0, -2.001158388900048, 0.25561438518578533, 2.995930532967979, -2.9016802037889655, -0.03386947118409165, -0.5191521275999114, 0, 2.0401735234636846, 0, 1.8757635305122742, 0, 0, 0, -2.198293067823273, -0.47072144591821535, 1.1765764940351644, 0.40255821641626605, 0.5926880723971241, -0.4513683070079557, 0, -0.1308739959149517, 0, 0.25224689567159153, 0, 0.42543700207317503, 0, 1.8768139606252277, 0, -1.8318267907280856, 1.6182998162652866, -0.13035687169587792, -3.051423047562388, 0.9311309698090195, 0, 1.376670082061914, -0.40872610076027477, 0, 1.1896315276193177, 0, 1.5046189367102651, 0.9509488469465531, 2.35286917511651, 2.827672781581103, 1.5885587766266336, -2.2027617289801826, 1.5089942120289281, 2.7219423310265807, 0.038652977534422574, 2.9342324321643067, 0.44231690487393344, -1.0190765829220396, 0.2506692914076368, -1.4499623052371675, 0, 0.19089786332078548, -1.8161350383343158, 2.9070106574740695, -1.87299752991548, 1.1071794177887766, 0, 2.4387164732230904, 0.1925880665153785, 0, 1.874527365891214, -0.431986861100764, 2.037499645518984, -2.9724780539786764, 1.72095948245461, -2.636645693711336, 1.1215516131449152, -2.8929578564963454, 2.751257222134706, 2.4148441953669773, -2.5063235271381883, -1.7157180853631393, 0, 2.465958077816521, 1.3717669018484786, 0, -1.3564645198557577, -1.6938324395498885, 0, 0.14013892121165805, 0.09669896538994714, -1.8419284188497616, 2.2576099539018792, -2.737684615283296, 1.0026959194928187, 1.068723537883565, -3.1392519492347013, -1.7278668389904766, 0.36576898222402626, -1.831971133767371, -1.5260744443010525, 0.4871138235660354, 0, -2.940024226168633, 0.34605243541734587, 0, -3.0051063662006205, -0.8944158472182223, 0, -2.3009698809885673, 0.7279116793216516, 2.888346068720624, 2.4327077047736623, -2.4114885091138034, 0, 1.6586769269887531, -0.46231433606031896, 0.5203436807789527, 1.7997588342102138, -2.290324795774802, -0.2116146671941631, 0.6290401937338373, -2.340568564496116, 0.757230394427912, -2.0777864637652215, 2.119795899359395, 3.0796017051035323, 1.4839945522013218, -1.4808408797839685, 2.3088416514605496, 2.1820125490141193, -0.36374605552101247, 0, -0.11100517493895981, 0, -1.387730214821865, -2.778949695983957, 1.640767550491482, 2.433488397507163, -2.536106723368509, 0, -3.0772487098544454, 0.8998846593405381, -1.321492231506379, 2.2650041806429817, -1.5716969588674536, -0.35827316455746566, -0.9913430583166508, 2.528787399004363, 1.103591898297229, 0, 3.009671499770479, 0.7136070537183482, -1.4369162593976672, 2.3270855722760775, -0.4979032173395224, 0.07425788181898664, -1.7661886318669255, 2.0500597632031647, -1.7982261750032438, -0.19341364947914094, 2.362119029967032, 3.0030170714234443, 2.3040572469657135, 0, -1.9333321209917458, -0.873544703076426, 2.016827475335072, 1.0923277115396284, 0.8567771266248227, -0.6990381605402689, 1.735967035824941, -2.541442294848329, 3.1207410787809784, -1.7530885427761036, 2.247299941089458, -0.49500901277710113, 0.2608515977752295, 0, 2.1111543934490324, 3.1014984335227993, 0, 1.442892443256958, -0.4532315836774328, 1.8407585677649663, -0.8048261661508624, 0.14641832311521247, 0, 1.4807979085669394, 0, 2.325599067837574, -0.6988372573097021, 0, 2.4210413473564523, -0.8534864816636585, 2.8216789587927456, -2.3195775965899235, 0.4446798986954634, -1.9747009164675464, 1.9239634392501483, 2.853277122530833, -0.9412144808446409, 0, -2.3428134272958605, 0, 2.361490865637489, 0.6888598487058425, 0, 1.5714263040880123, 0.2586806377291005, 0, 0.4679258272344231, 0, 1.9812356358441543, 1.6759874367029786, -0.5358617888257522, 0.3992589693836131, 2.5737003061530315, 1.2981449237522344, -1.1161961316446871, 1.5468674971579315, -2.944371369134677, 0.761090319534247, -1.3194767349738712, 2.553645323016702, -1.64991589732887, -0.07572331848959228, -0.14393011768019204, 2.6089370053386816, -0.7022120338634912, 0, 2.3008956441890427, 0.4249314985865835, -1.7426765638382362, -0.6898282758383572, 1.3456338979652476, -0.7153113332031376, -2.1027922006614266, 1.7395685868614499, -1.165742305708502, 0.2415074244534454, 1.5340289062979642, 3.0958914735083214, 1.4431443472181695, -0.422550706991957, -0.40227459076877525, -2.2156848522695505, 2.042990441017164, -1.639081445536238, 2.4865506629999, 2.2624342271161755, -2.256150988835447, 0, 0.5711771507366841, -0.34161704989064495, -0.8367606146227764, -2.842050393935752, -1.6769481964390154, 0, 1.3232069548853571, -1.2721096357088753, 3.022398982536868, 3.1091510467181345, -2.051958736004349, -0.42892475907282884, -2.917941612563047, 0.6921955884129641, -0.20459357386661436, 0, 1.3092625208283986, -0.384107804845778, -1.927302903881568, -3.126624041520312, 2.8833032698280876, -0.7339407253750093, 0.4715304880810153, -2.5053262945106973, -0.8042013140047529, -0.4305493502182428, 2.9812455542363394, 1.2760177611399592, 1.0201085092141153, -3.0832843813467106, 2.5680451096086525, 1.210524849499304, 0.5261325464928597, -1.2501700178655382, -2.9472309806499215, 1.0352065772179975, -0.2729992008773918, 2.2225498527105816, 2.5556079235505473, -0.6352286425694351, 0, 0.37545951936302935, 0.15403876294314137, 0, 1.8524848616113336, 0, -2.2876336049978065, 0.3865078048112639, -2.5438383491093206, 3.1372001751426724, -1.7069419170558378, 0.9151145180889351, 0.36779455086177687, -1.0081092092251074, 0.714986480934785, -2.147633784798941, 2.6924687935334592, 2.484251560538741, -0.04656395691689579, 1.327830011949415, 2.242773997039923, -2.9638559699986313, 0.010628112075300424, 0.8360856443081632, 2.203336831115458, -0.8091145100455129, -2.505793729678727, 0.5280375551711727, 0.448440526033457, -0.5247857166003875, -0.4391097887629924, 0, 0.9256935626795233, -1.0163867840627507, 2.6860595130719616, -1.1526314753390285, -0.3382428719035434, -1.5542551113155538, -0.07959582707721395, 2.6564628396427614, 1.1846872618303441, 1.3867303884455202, -2.5752861428900373, -0.11616680410469583, 2.8393092710964547, 1.8114120573685966, -2.3555751420693665, -0.9222806392794377, -2.207879454600965, 1.828008356199904, -2.8646642752895692, 0.5472207479128625, -0.43859436533530044, -2.5154251227173523, 1.2864854154728136, -1.2894385997258746, -2.3714220413675617, 2.2706737744454233, -1.0801107004729287, 0, -2.001679227853034, 0.6372705262921787, -1.1254360058777693, -2.130398706172929, -0.2853606045834798, -0.7123872950482504, 2.762318652066514, 1.6251813238711719, 0.15598533409127321, -1.6520704017153032, 2.907189583813429, 2.8322763836074514, 0.721547914649683, -2.098609341950164, -1.6797585996179727, -1.0659746867626085, -0.0832497772062314, -0.44811855329316896, 2.677945540096299, 2.7233781578961955, -0.6113424179657154, 0, 0.655289918193848, -0.2547569754774017, 3.1392877298595048, 2.1052354626778316, 1.0488687162335637, 0, -2.504800612993496, 0.32946993504325656, 2.019445163608074, -3.0448690895736883, -0.721474933371127, -0.4691379097058449, 0.591425267389871, 2.625305865464344, 1.9201228278019207, 1.3869337584449912, 2.2883160528694773, -1.2920486703868599, -0.47870831799253566, 0, 0.12566016226681265, -0.02030192946825812, 0.014229774254889936, 2.8214641394457796, 1.8771231764593344, 0, 2.6965525077391743, 0.7196999723228836, -0.9510798398183365, 1.586446101072941, 2.8197998987637747, -1.5525455425677939, 0, -1.745635764501116, -0.28142965040612306, 0.44772069964718675, -1.9936632103992833, 1.6205444511829077, -1.4583859710612632, 2.464636315481354, -1.6568885448668007, -2.0053369720553875, 0.8000615803044065, -2.6921597074638752, -0.808585614370293, -1.5423537527246913, -2.745168819317438, 1.1722484999626452, 2.521470406583978, -0.22938974800581174, -2.8188454008824997, -2.738864048704181, 1.6940308623531308, 0, -3.1246546124941865, 0.005803196955073605, -1.1168419535175065, 1.0799417683690489, -2.0655978222471996, 0, -0.28087910562394014, -2.545300956311025, -1.9188044783160578, -1.9838526259182538, 0.23229700544589982, 0, -0.7894356367367248, 0.8475316496728454, 0, 1.7340931772486035, 0.16379696370595953, -2.7215127008594906, -2.4332738190860566, 0.900232774416639, -2.342643524400351, -2.467918274893881, -2.551087985509084, -1.538692959682948, 1.8367590548077108, -2.171108797235814, 2.285054045255227, -1.195063137886321, 1.3590921286473507, 2.6371245595797634, -0.9506185841027073, -0.8698601731411569, 2.304495096708291, -2.058729416864792, 0.7336950648718212, -0.7771394872718733, -2.909413589211723, 1.2012924962782505, 0.03247835578781785, 0.14141114877341188, 1.9564787166594297, -0.4906352929626709, -0.15006306924537277, 2.180760537363047, 3.064743146598635, 2.4201442273657063, -1.1716206187857099, 0.5149837526538108, -2.9658210860520846, 0.5998004310328167, 1.6243704623094342, 3.062056218730046, 2.931020863354019, 0.3829944910209201, -2.4910290643407667, -2.676496980317257, 0.05460932520086938, 2.9307997175006064, 2.640623591518404, -1.6808567926891043, -0.7930031530446446, 0, -2.349641984250027, 0.4759589888224178, 2.3833937157000635, 2.8319979773168895, -1.411810127943824, 0.754915945965713, 1.6724224428538748, -2.8202857402095827, 0.589919765674037, 0, -2.4956242423324686, -0.3300507457953361, 0, 1.929814663637299, 0, -2.903172098492404, 1.1585446138429656, -0.23346213136163962, 2.275750893454523, -2.2081392801225848, -0.41046958809512324, 2.5712441704610947, -2.207031106942428, 1.379539692578617, 0.17849042528779768, -1.4426181158155427, -2.8473199178490196, 1.4410248223171884, -0.2407100905141473, 0, 0.3579855900849922, -1.4921203793857891, 2.420151113594157, 2.995299755726146, 0.4794937851034016, 2.465769088068548, 2.8747109038062724, -0.82869991556909, 0.3042134998511739, 1.2893115727225255, 2.4463796934088724, 0.09138380924882401, -0.46754184767630663, 2.163466614679459, 2.994171736687659, -0.3401175430977028, 0.07418081046213455, 1.9194296010384697, -0.431863633845052, -0.1777064016813194, 2.582606898481358, -2.877786581468625, 0.5863565223187011, -0.27522211038865385, -2.18995186024327, 2.385969227651798, 3.0203150108808714, 0.09702688700787868, 1.8447495376009149, 2.742361264807411, 0.014247748027225983, 0, -1.6786380177277167, -1.319307850583061, 1.2283317312140025, -2.814669533331582, 1.836249139381413, -0.7325775219337379, -1.164560270949736, 2.575449503158492, 0.41059670990466834, 3.0989049545019545, 2.1882068607632, -2.404119417210396, -0.34888141002378, 0, -2.6876589353970823, -0.9482531332117522, 0.9869149591889885, 2.6141328257033676, 1.5187249000241787, 0, -2.7965684836558524, 0.14755306999779913, -1.2829246599683213, 2.6465391087410852, -1.1304968540517357, 0.5835864945033294, 0.44498291051566086, 2.0792819494171297, -2.1677190549049805, 1.423871755565609, 0, -0.45559340499826934, -1.476953926252217, 2.132809030661247, -0.6392379170751316, 0.35033706492544747, 2.9173145715955866, 2.9883313338620217, 1.8149030686269316, -0.4572487751852174, 2.880282310517161, -2.996841224324486, 1.8727373539673766, 0.24346026416598884, 1.659738793394658, 2.626003825624524, 0.038168164427853604, -0.4788052383017035, 2.34444473062583, -0.672222912336168, 1.4830134084626652, -0.01032013677749554, -0.9728906017858006, -1.9916495956512663, -0.24864666340377276, 0, -1.7023569500660682, -0.553762957984576, 2.3243174902604533, -2.247648366104689, 0.1747670382363591, 1.1091206042690562, 2.4517953839879034, -1.4380953841526718, 0.7234868787134798, -0.39537813125781524, -2.9484815369506854, 0.8892535916528227, -0.9345670162457403, 1.6286094981825472, -2.050932228648335, 0.6032712623435326, 0, -2.9531058939109225, 0.7198996020288609, -2.173050905977607, 2.9327826059470024, -2.0016059765975656, -0.43773969160958986, 2.7545654287181285, -3.084677166379994, 1.473742650150818, -1.900225276666036, 2.604162972871704, 2.6551285462087706, -0.4275221193954523, -1.3453007558373915, -1.9928539412025328, 1.7584799517116634, -0.1582292727325286, 0.6982158557525755, 2.4486045586561827, 0.6843073689274074, 0.4070634270270123, -2.1388717943944955, -2.631313173836888, 1.6567875920477342, -0.16971728954459658, 3.048458728638455, -2.666758604672174, 0.05446793038385734, 2.7317983007379008, 2.7715210298164035, -2.1901075464659385, -0.590412819066869, -1.2848461378174607, 1.314648320166727, 0.3648313475777742, 2.757119034183459, 1.3679360219370702, -1.3457907145910686, 1.1364844729727097, -0.696834198055008, -3.1397024363044954, -0.19151621519724218, 2.272297880854072, 2.304523523292192, 2.8958861699524028, -1.4085076907610208, 0, -2.2526649368141975, -2.377514640258998, 1.670162129382521, -2.377102175716376]","[180, 181, 182, 184, 185, 186, 187, 188, 189, 190, 192, 193, 196, 197, 199, 201, 203, 204, 205, 206, 207, 208, 209, 211, 212, 214, 215, 218, 219, 222, 223, 225, 226, 227, 228, 229, 230, 233, 234, 235, 237, 238, 240, 241, 242, 243, 244, 245, 246, 247, 248, 249, 250, 251, 252, 253, 254, 256, 257, 258, 259, 260, 261, 263, 264, 265, 267, 268, 269, 270, 271, 272, 273, 274, 275, 276, 277, 278, 279, 281, 282, 283, 285, 286, 287, 289, 290, 291, 292, 293, 294, 295, 296, 297, 298, 299, 300, 301, 302, 304, 305, 306, 308, 309, 310, 312, 313, 314, 315, 316, 317, 319, 320, 321, 322, 323, 324, 325, 326, 327, 328, 329, 330, 331, 332, 333, 334, 335, 336, 338, 339, 342, 343, 344, 345, 346, 347, 349, 350, 351, 352, 353, 354, 355, 356, 357, 358, 360, 361, 362, 363, 364, 365, 366, 367, 368, 369, 370, 371, 372, 373, 376, 377, 378, 379, 380, 381, 382, 383, 384, 385, 386, 387, 388, 389, 391, 392, 393, 395, 396, 397, 398, 399, 400, 402, 403, 405, 406, 407, 410, 411, 412, 413, 414, 415, 416, 417, 418, 419, 421, 422, 424, 425, 426, 428, 429, 430, 432, 433, 435, 436, 437, 438, 439, 440, 441, 442, 443, 444, 445, 446, 447, 448, 449, 450, 451, 452, 454, 455, 456, 457, 458, 459, 460, 461, 462, 463, 464, 465, 466, 467, 468, 469, 470, 471, 472, 473, 474, 475, 477, 478, 479, 480, 481, 482, 485, 486, 487, 488, 489, 490, 491, 492, 493, 494, 496, 497, 498, 499, 500, 501, 502, 503, 504, 505, 506, 507, 508, 509, 510, 511, 512, 513, 514, 515, 516, 517, 518, 519, 520, 522, 523, 524, 526, 527, 529, 530, 531, 532, 533, 534, 535, 536, 537, 538, 539, 540, 541, 542, 543, 544, 545, 546, 547, 548, 549, 550, 551, 552, 553, 554, 556, 557, 558, 559, 560, 561, 562, 563, 564, 565, 566, 567, 568, 569, 570, 571, 572, 573, 574, 575, 576, 577, 578, 579, 580, 581, 582, 583, 585, 586, 587, 588, 589, 590, 591, 592, 593, 594, 595, 596, 597, 598, 599, 600, 601, 602, 603, 604, 605, 606, 608, 609, 610, 611, 612, 613, 615, 616, 617, 618, 619, 620, 621, 622, 623, 624, 625, 626, 627, 628, 630, 631, 632, 633, 634, 635, 637, 638, 639, 640, 641, 642, 643, 645, 646, 647, 648, 649, 650, 651, 652, 653, 654, 655, 656, 657, 658, 659, 660, 661, 662, 663, 664, 665, 667, 668, 669, 670, 671, 672, 675, 676, 677, 678, 679, 680, 682, 683, 684, 686, 687, 688, 689, 690, 691, 692, 693, 694, 695, 696, 697, 698, 699, 700, 701, 702, 703, 704, 705, 706, 707, 708, 709, 710, 711, 712, 713, 714, 715, 716, 717, 718, 719, 720, 721, 722, 723, 724, 725, 726, 727, 728, 729, 730, 731, 732, 734, 735, 736, 737, 738, 739, 740, 741, 742, 743, 745, 746, 747, 749, 750, 752, 753, 754, 755, 756, 757, 758, 759, 760, 761, 762, 763, 764, 765, 766, 768, 769, 770, 771, 772, 773, 774, 775, 776, 777, 778, 779, 780, 781, 782, 783, 784, 785, 786, 787, 788, 789, 790, 791, 792, 793, 794, 795, 796, 797, 798, 799, 801, 802, 803, 804, 805, 806, 807, 808, 809, 810, 811, 812, 813, 814, 816, 817, 818, 819, 820, 821, 823, 824, 825, 826, 827, 828, 829, 830, 831, 832, 833, 835, 836, 837, 838, 839, 840, 841, 842, 843, 844, 845, 846, 847, 848, 849, 850, 851, 852, 853, 854, 855, 856, 857, 858, 859, 861, 862, 863, 864, 865, 866, 867, 868, 869, 870, 871, 872, 873, 874, 875, 876, 877, 879, 880, 881, 882, 883, 884, 885, 886, 887, 888, 889, 890, 891, 892, 893, 894, 895, 896, 897, 898, 899, 900, 901, 902, 903, 904, 905, 906, 907, 908, 909, 910, 911, 912, 913, 914, 915, 916, 917, 918, 919, 920, 921, 922, 923, 924, 925, 927, 928, 929, 930]"
27,660.1889731679594,694,"[0.4960424187310993, 3.125460867668263, 2.822675136948537, -0.38232917288120366, 0.7072340857373478, 3.033843117339432, 0.9021881690750277, -0.7036665489924776, 1.512620499645465, -0.25579669315922526, -0.5419881282380826, -0.2499752619678252, 2.2486577933424976, -1.3342842584291865, -1.0401364446003631, 2.515084590767798, 2.1303444903881146, -1.4179354306978167, -0.9798761340438523, 0.20228579276569622, -2.3110455662863054, -2.3347829968053473, -2.6051536319182995, 2.447131757329577, -3.1277833881744166, -2.125115268216406, -0.7872183633727853, -0.16122832887291194, -2.9660611454629593, -0.6122036272222907, 0.8644815226821034, -2.494057228496505, 1.9555153012185675, -0.08048437631417257, 1.4721516036377418, -1.8290114549971799, -2.2912635762685274, 1.6347358131812202, 2.1479113364062297, -1.2969594423726218, -2.417461217978342, 1.4296064604701402, 1.4437122156122077, -1.4277535196705504, 2.5040124664852725, 1.651137634553957, -1.1697863593942401, 1.835512817076216, -1.4675190111631422, 0.44951097623673564, -2.0727884800332377, 1.0194873570939915, 1.0363705773040393, 0.4533224198825841, -1.3756649534995244, 2.0631711293828117, 1.1196828039659106, 2.216091844371648, -1.7021546502517644, 0.271251770064071, 1.4766512822318616, -2.89537836592798, -2.169733775553565, 0.11569963706094565, 0.9326452959158955, -2.5099161142104593, 2.6069488647299828, 0.2618811898954296, 2.5066438904185984, -2.9859464601298273, 2.649387985096457, -0.26545090565929397, -2.9981966862906306, 2.822096069196794, -2.651217260597291, -0.18871739581012112, -2.5326931768260286, 1.7207920514246862, -1.7700055281026938, 0.6499037070598042, -2.1696089317278586, -1.294071269201507, 1.476478802806238, 1.9320495175208228, -1.1852352235326624, -0.3216448833590865, 1.2253903938314135, -3.0535116269394758, -2.2366906103601916, 1.053544338256826, 1.8647003133672213, -1.1051263627857957, -2.0534609741223457, 2.0617096096890966, 2.124461127343808, -1.4657093415800697, 2.0989014301756415, 1.7666581467918545, -2.888040711139478, -1.93356246440425, -1.6276762737480894, 1.4698630698745145, 1.6030602973291614, -2.276904914286782, -0.9454509149511797, 0.07076176475523027, -2.4115761057378693, 2.766531329714924, -0.3029816692599172, 0.6394554904035965, -2.3921069707222773, 2.465687071559771, -0.4397412188348403, 0.9064230903715585, -2.819572846475638, 0.18212511687976463, 0.7783208084683703, -3.072320305928278, -2.218231072067982, 1.8977304113002107, 2.2723226437161403, -2.10720987367447, -1.8369566494638527, 2.542670345563401, -2.769961228393608, 2.9622864039367642, 0.9276435218149703, 0, -1.265964401848206, 0, -0.4594144367597906, -2.6860550417180846, -2.4419381941796368, 0.13864483448207526, 2.7821761132889526, 2.8335807293458037, -1.2318350171621326, -0.11623357843435078, -3.0068345923691715, 1.2128950336375754, -0.1336888842342528, 0.8145575314982202, 2.902123303319652, 1.4152488409478932, 0.26011289556122935, -2.6604128119484747, 2.308176934614243, -0.31852002680344027, 1.2937802067331121, -2.1579077879857365, -2.90591508605424, 1.7261556254548054, 2.3421642477166653, -1.626388698923164, -2.4172846467179134, 2.1889415213257526, 2.2153971362060747, -2.175367030340524, -2.0549191738263484, 1.3916501347835046, -0.9803302128306227, -1.9266860700897257, 1.162420892340921, 1.0588590911826836, -1.3932372027512343, 3.0705027786521044, -1.2507053093345413, 0.47503442608448276, -2.3849495595158463, 2.6933260406244917, -0.6789004094968181, 1.3270384012578713, -2.7342622806349492, 3.0534380929158877, 0.7874442435054326, -2.4785444025389727, -2.4269258368238944, 2.4488524380684416, 2.2915488939537516, -0.16822642126232304, -1.454551862372735, 0.7461336804786781, 2.0450665027656334, -1.6260202369441084, 1.246724807817341, 2.032802254097216, 2.1541153312690713, -2.090218249675143, -2.459767800669415, 1.6790781401711041, 1.847504981494377, -1.3345577816900323, -2.099477627464331, 1.8132258585838639, 0.8333104398830321, -2.1096699083900883, 3.03927615148392, 1.3827158956316954, -1.4468117665019147, -0.8253286248455838, 1.530124536343595, 1.876684542698832, -0.5434898170140754, -2.1564661142865447, 1.403689205801917, 2.860767444579685, -1.707016231807802, 2.2926477601630237, 0.7436001676048404, -2.7736276242083666, 2.916506869175751, -1.9843160948218994, 0.2792836255422454, -2.6325463389354318, 2.860783866902068, -1.2237532418861636, 1.0556272095020147, -2.836373666556809, 2.1120737052029765, -1.0252071688366882, 3.073459369199215, -2.635940507271283, 2.226654085900046, -0.4553691017182729, 1.558566099921371, -1.764512026548246, 0.6250584990751598, 1.9389938593344755, 0.5467079658586187, -2.2234227163627502, 0, -2.027696488885361, 2.601992872528829, 0, -2.658436719991317, 0, -2.3565810326949768, -2.922048265793967, -0.4907433824043561, 1.6077519061413088, -2.15104812208794, 2.978425926172768, 0.09163376835953936, 2.2487112112863263, -2.420963193681584, 0, 1.5349148576740568, -2.101985486432709, -2.1043643760276076, 0, 0, -1.7492568712479395, -1.9549279813621656, 0.580435736763138, 1.6169431967269137, -1.6965953227403143, 2.2632307079358815, -0.0755621998056576, 1.2833602589186262, -1.761926093785007, 3.027384458918426, 0.6690574868414535, 1.8361784149013372, -2.301069141629857, -0.22009802304140766, 0.6208426598894056, -2.3918494758120756, 2.7374984565952323, -0.6880411938565171, 0, 2.4463463902490674, -0.48533481559878566, 1.4648560683564358, 0, -0.5181086395909178, 2.696258735783102, 3.1240309672060476, -1.303342871098973, 0.06143106938582633, 1.9025381490108044, -2.677424011300848, 1.1145181266393847, 0.7636775941562589, -2.510810808918701, -2.6179325316975444, 2.259004937531124, 3.027517881746281, -1.7506930514085548, 3.002782020980623, 1.3521250268935912, 2.075720703479875, -1.4406010308399797, 2.1993389192170416, 2.8328659985689395, -2.2994303314448357, 1.8165687021245025, 0.4148698242773314, 0, -3.116472957725696, -0.37314013405477414, 1.0615866685816708, -2.8651851682406204, -1.7776778998810299, 0.7871829794327008, 2.5327261103988197, 2.86426540983846, -1.820096775243621, 0, -0.354980621991965, 0.9834967657657612, -2.5211002806811558, 2.6258922045800093, 0.6843180939227747, 1.8077511834588058, -2.0885711693513356, -2.3030029598521913, 0.9861912276878229, -2.0985852422690403, 2.3959870468814017, 1.3089340064153905, 2.27818159190369, -2.6764902187619297, -2.484010039096734, 1.2963313718357867, 1.6098106473240126, 0, 1.4307745877668545, 2.64544605631194, -0.46095442922748664, -2.960478830235449, 0, 0, 0.8747537928323111, -1.1274579069561963, -3.0794483481987287, 0, -1.8363170655177847, 0.25446662747195326, 1.1536523454061116, 0, -1.0375616329814934, 1.3206524159412083, -2.256668056625908, 1.756599700969872, -0.4501384265471452, 2.2270265943878753, -3.0412042784951008, 2.294637557986507, -0.5628234552911604, 1.853665052578743, 2.8995123477514126, -1.2895021035430694, 0, 0, 0.3724119125311533, 0, 1.009793805235171, 1.9854405161402089, -0.6226853038454127, -2.8147198575740826, 2.1938177604880895, -2.8039191152861362, -2.3396253300371086, 3.047707272197213, -0.12460924852510542, -2.7565915738696054, 1.716606399995443, -1.5914189117796012, 0, 2.7109008507272954, -0.8668935971063205, 1.9746625565333427, -2.6984754531812154, 0, 2.021621460704691, -2.844763617800973, 1.4153919343035486, 0, -2.9734366808297787, 0.8904965683858954, 1.9306496556885204, 0, 2.5983056338260178, 1.562792644987488, -1.788697283532252, 1.8710177801917796, 1.0780272050008823, -1.8395903328334535, 2.8121141918318338, 0.4523686038751166, 1.3276046519482174, -1.676474189208439, -2.977239345889116, 0.21302837709036737, 1.51089137826503, -2.4074025164026187, -1.9892836639322702, 0.5760883598265337, -2.991939816318507, -2.353832427675627, 0, -2.8930664768647487, -3.100392820845954, 0, 0, -1.2227350963347248, 0.35841928852565247, -2.8517692783240944, 2.4489455875044985, -0.729964986640881, 0.9668340028147709, 3.0455905679729494, 0, -1.5814061664389352, -0.2033799156521687, -1.93717204216721, 1.323582787579804, -2.6151099037002763, 2.501351898320739, 1.1146625123419316, 1.9923296653100484, -2.612882941470523, -2.91494315507731, 1.245687454803305, 1.5722280231181984, -1.9812850853312702, 2.2521383527826426, 1.3324331424643545, -2.0194798691267017, 2.8732571496866344, -1.977237926511144, 1.2478686051279346, -1.8719390722221345, 2.895585560204013, -0.45081384220868537, 2.225394880327712, 0, 0.7155463926341755, -1.33744459042482, 1.6763310322155311, -2.571336698572912, 0, 3.0264790046566743, 1.0340685356396464, 1.9031926198942013, -2.578465685894207, 2.764791862236808, 0.27234918220635, 2.263285287767759, -2.862380420375382, 0.6241944398847717, 0.4141183080874821, -2.222808999353782, 2.946775449957783, -1.466647138566712, 0.6546407879583563, -1.8204527156620485, 3.0901693229823084, 0.5815141823982327, 2.4488968444460615, -1.780746749803398, 0.23781184175416212, 1.8869675781963782, -1.6979771680303193, 0.5851592957757104, 0, -2.285319100922139, 0.15511005755752216, 0.4661569984549674, 2.5679632603759903, -1.0323834571186237, -3.084541271674058, 2.011595672528312, -0.2526485138579908, -1.1411683021572359, -2.8816501552761213, 1.7740563084615137, -0.8033218342647651, 1.3064406667409008, 0, -1.9778877543939972, 2.325891398795977, 0.8973019939689773, -1.012389606122481, -3.0213951690552983, -1.6303257675753688, 0.07288498344282315, -2.2719928857779155, 2.4150910160648356, -0.7042525921376034, 0, 0, 0.9686571818559716, -3.006136902034082, 2.8161140227234114, -0.20236642946235692, 2.488195937898588, -3.058262025703086, 0, -1.9740763446186103, -1.9307462562522384, 1.2827986317991886, 0, 2.217113996795766, -1.4935686973815716, -1.3508043770461058, 2.169213073960475, -1.9460733355149336, 2.485072669563977, 0, -2.737826697809154, 1.7585694980177284, 2.8617464861673367, -2.3689233661970284, 2.341648269029433, 0, 3.0106194917155404, 0.8781709173977096, -0.9798785241829455, -2.8717826194201237, -1.823092919830391, 0.4465976098424452, 2.9469824916551928, -3.128439739571069, 0, -2.090453342345298, -2.92353739564786, 1.0787290012569277, -2.133366904737177, 0, 2.0737834066677947, 0, 1.0446994413099524, 2.8082432501698724, -1.513598452894763, -2.72187521407439, 1.3050808137101333, -2.7137808659993485, -2.1961984520147366, -2.8824651570884026, 1.1471589996047322, 2.898880005197012, -2.2267449671946307, 2.172521874024427, 0.02207725790668361, -1.479581340809746, -2.679447222116543, 1.2072444581462065, 0.9395873968224908, -2.1100530820578136, 2.0142275689313127, 1.210690196071429, -0.6244592822141969, -1.8025109261108276, 3.0519774422844534, 0.9848896132519535, 0, 1.837306610233253, -2.078562488303826, 2.06971516835013, 0.5627080345422305, 0.7159915277351065, -2.5983041092960084, 2.2441342088344576, 0.648805235950453, 0, 2.8915941594595105, 0.03811674219118421, -2.2577583343080154, 2.734727749027741, 0, 2.8928977290283204, -0.040433026543112406, 2.3901431589479163, 0, -0.05950063238506454, -3.011819029288036, -2.7053660593957978, -0.5340005585267648, 0.7597342988970769, 0, 1.0889693278750887, 2.2234180605183123, -2.3248640823856213, 2.69529068497899, -1.845469729419534, -0.9438234443088188, 2.552097752315526, -3.0893601713859233, 0.2869933318562107, -1.6444963804233514, 0.0518361927289045, 1.8664220673798744, 1.7607471028674877, -2.7363769139740493, -3.102646815912574, -0.18996268333478677, 2.9301860562403172, -2.0974868818973396, -1.6753468602837591, 0.7983696441530952, -2.2229407597956468, -1.3471722125830956, 2.1966182868976487, 2.603915503533784, -1.904256534502325, -2.822050614611779, 1.832639739761403, -2.0537502832274597, 0, 0, -2.9565012192833535, -2.7709353289052268, 0, 2.7838096779251162, -0.5630881192256545, 1.2418400251577877, -1.8038233043962872, 2.813399542461891, -0.10032679231083542, 2.5938650625277724, -2.5211562420876503, 2.389532139424669, 1.8077531756921719, -2.976776759025385, -2.1803741964465977, 1.1845686446034778, 2.278586097502786, -1.3208116020325082, -2.858741551373986, 2.245214275512575, 2.8951498370528532, -2.362368962631257, 0.756462498540121, 2.2575824596919576, 2.8067857250183152, -1.7785436275242819, 1.8403728294792387, 2.8798269392044133, -1.140323292845688, -2.4166781704036993, 0.2377242224327087, 1.327559838422761, -1.9321327482211674, 2.488324126321301, 0.148527090951378, -1.5232113128019495, 2.635222208677993, -2.388548607901082, -0.04989127175226407, -2.9603168225645655, 2.3573618614414653, 2.731252020347806, -0.08445153369140258, 2.324681602654515, 2.5026700241445883, -0.5866219638308564, 1.9405669972978195, 3.0861505766151525, 0.8413176490164525, -0.6570340808138945, 2.1917925366533155, -3.0208399779323165, -3.0421525356876953, 0.440388927642851, 2.274230113591253, -2.814865688057579, -0.9940775553234774, 1.5425580546067774, -1.459176790732191, 3.0698181621751957, 0.8459192494980323, 2.401668350997442, -1.995415870124037, 2.3060071106995363, 1.5138855387841528, -2.157190341591878, -1.5100215188334627, -0.5539781394405572, 1.3999272239513427, -1.108003336923712, -2.1542580735148213, 2.74689968023589, -1.4214038793068355, 0.23475017195160713, -1.4525808125961253, -3.025203182617561, -0.7688006033258858, 0.8124306258210229, 0.2543376023243852, -2.0934064468461338, -0.7266684477724195, 1.9306185619764606, 2.361316716498362]","[180, 181, 182, 183, 184, 185, 186, 187, 188, 189, 190, 191, 192, 193, 194, 195, 196, 197, 198, 199, 200, 201, 202, 203, 204, 205, 206, 207, 208, 209, 210, 211, 212, 213, 214, 215, 216, 217, 218, 219, 220, 221, 222, 223, 224, 225, 226, 227, 228, 229, 230, 231, 232, 233, 234, 235, 236, 237, 238, 239, 240, 241, 242, 243, 244, 245, 246, 247, 248, 249, 250, 251, 252, 253, 254, 255, 256, 257, 258, 259, 260, 261, 262, 263, 264, 265, 266, 267, 268, 269, 270, 271, 272, 273, 274, 275, 276, 277, 278, 279, 280, 281, 282, 283, 284, 285, 286, 287, 288, 289, 290, 291, 292, 293, 294, 295, 296, 297, 298, 299, 300, 301, 302, 303, 304, 305, 306, 307, 309, 310, 312, 313, 314, 315, 316, 317, 318, 319, 320, 321, 322, 323, 324, 325, 326, 327, 328, 329, 330, 331, 332, 333, 334, 335, 336, 337, 338, 339, 340, 341, 342, 343, 344, 345, 346, 347, 348, 349, 350, 351, 352, 353, 354, 355, 356, 357, 358, 359, 360, 361, 362, 363, 364, 365, 366, 367, 368, 369, 370, 371, 372, 373, 374, 375, 376, 377, 378, 379, 380, 381, 382, 383, 384, 385, 386, 387, 388, 389, 390, 391, 392, 393, 394, 395, 396, 397, 398, 399, 400, 401, 402, 403, 404, 405, 406, 407, 408, 409, 410, 411, 412, 414, 415, 416, 418, 419, 421, 422, 423, 424, 425, 426, 427, 428, 429, 430, 432, 433, 434, 435, 437, 440, 441, 442, 443, 444, 445, 446, 447, 448, 449, 450, 451, 452, 453, 454, 455, 456, 457, 458, 460, 461, 462, 463, 465, 466, 467, 468, 469, 470, 471, 472, 473, 474, 475, 476, 477, 478, 479, 480, 481, 482, 483, 484, 485, 486, 487, 488, 490, 491, 492, 493, 494, 495, 496, 497, 498, 499, 502, 503, 504, 505, 506, 507, 508, 509, 510, 511, 512, 513, 514, 515, 516, 517, 518, 519, 521, 522, 523, 524, 525, 527, 529, 530, 531, 532, 534, 535, 536, 537, 539, 540, 541, 542, 543, 544, 545, 546, 547, 548, 549, 550, 551, 553, 555, 556, 558, 559, 560, 561, 562, 563, 564, 565, 566, 567, 568, 569, 570, 572, 573, 574, 575, 576, 578, 579, 580, 581, 583, 584, 585, 586, 588, 589, 590, 591, 592, 593, 594, 595, 596, 597, 598, 599, 600, 601, 602, 603, 604, 605, 606, 608, 609, 610, 612, 614, 615, 616, 617, 618, 619, 620, 621, 623, 624, 625, 626, 627, 628, 629, 630, 631, 632, 633, 634, 635, 636, 637, 638, 639, 640, 641, 642, 643, 644, 645, 646, 648, 649, 650, 651, 652, 654, 655, 656, 657, 658, 659, 660, 661, 662, 663, 664, 665, 666, 667, 668, 669, 670, 671, 672, 673, 674, 675, 676, 677, 679, 680, 681, 682, 683, 684, 685, 686, 687, 688, 689, 690, 691, 692, 694, 695, 696, 697, 698, 699, 700, 701, 702, 703, 704, 706, 708, 709, 710, 711, 712, 713, 714, 716, 717, 718, 719, 723, 724, 725, 726, 727, 728, 729, 732, 733, 734, 735, 736, 737, 740, 741, 742, 743, 744, 745, 746, 747, 748, 750, 751, 752, 753, 754, 756, 757, 759, 760, 761, 762, 763, 764, 765, 766, 767, 768, 769, 770, 771, 772, 773, 774, 775, 776, 777, 778, 779, 780, 781, 782, 783, 786, 787, 788, 789, 790, 791, 792, 793, 794, 796, 797, 798, 799, 800, 803, 804, 805, 806, 808, 809, 810, 811, 812, 813, 815, 816, 817, 818, 819, 820, 821, 822, 823, 824, 825, 826, 827, 828, 829, 830, 831, 832, 833, 834, 835, 836, 837, 838, 839, 840, 841, 842, 843, 845, 847, 848, 849, 851, 852, 853, 854, 855, 856, 857, 858, 859, 860, 861, 862, 863, 864, 865, 866, 867, 868, 869, 870, 871, 872, 873, 874, 875, 876, 877, 878, 879, 880, 881, 882, 883, 884, 885, 886, 887, 888, 889, 890, 891, 892, 893, 894, 895, 896, 897, 898, 899, 900, 901, 902, 903, 904, 905, 906, 907, 908, 909, 910, 911, 912, 913, 914, 915, 916, 917, 918, 919, 920, 921, 922, 923, 924, 925, 926, 927, 928, 929, 930]"
35,290.701184260259,377,"[-2.016999110246253, 0, 0.9198198412311449, 0, 0.8699040523586326, 0, 0.5881126557735739, 0, -2.7714335408627124, 0.37841352629751956, 0, -2.0787611143546956, 0, 0.5516174701704601, 0, 0, -1.5612550727984533, 0, 0.8213775565812804, 0, 0.7912619468159446, 0, 0, 1.7312486472858397, 0, 0.9276404979839046, 0, 0.5443071152280062, 0, 0, -2.377787813298299, 0, 1.2856103167296584, 0, 0.8228277728813652, 0, 0, 0, 1.3221036681496394, 0, 0.5009126880538629, 0, -2.787003713204952, 0.34546311383091166, 0, -2.2262403219667886, 0, 1.4013062004374979, 0, 1.1634420684126972, 0, -2.7753821869194595, 0.5144369257294246, 0, -3.04410720905465, -0.011352086723667214, 0, -2.2992298478929705, 0, 0.5654079113042093, 0, -2.7440145701001146, 0, -2.630561361666856, 0, 1.3343625698620076, 0, 0.6926560121088357, 0, 1.086158096976242, 0, 0, -1.169389840118435, 0, 0.4634386571034376, 0, -2.8434817151429783, 0, -0.305807255176687, 0, 1.101492531860866, 0, 0.700065232819245, 0, 0, 0, -2.8693412061272605, 0, 0.6083502895745506, 0, -2.7228209939156933, 0.6020285359713992, 0, -2.5447849897087647, 0, -2.798894372774637, 0, 0.6218839179004167, 0, 1.5758206585613703, 0, 0.6228535409931182, 0, -2.7032115303738813, 0.7589259738569576, 0, 1.6757792871133108, 0, 0.5979539797689406, 0, 0.8643695576934889, 0, -2.789709815588211, 0, 3.0971681751459212, 0, 1.3736425803387449, 0, 0.8877232627628736, 0, -3.0783414811943977, 0, -2.898042293350708, 0, 1.4382901464365963, 0, -2.6489166146502336, 0.4703807993747536, 0, -2.883746959490361, 0, 0.9769094620094502, 0, 1.0182548784898138, 0, 0.5957025198390482, 0, -2.6278416973708247, 0.5004055946666123, 0, 3.031327421007019, 0, -2.9521035813893364, 0, 0.6337079035539217, 0, 0, 2.6401277580338025, 0, 0.854083450084531, 0, 1.0879034573946147, 0, 0.6891100615526297, 0, -1.7488708990051884, 0, -2.9393432887678084, 0, 0.4772176743223313, 0, -2.7049079175156328, 0, 1.4651809448827933, 0, 0.892786878436443, 0, 0.8045857666424819, 0, -2.9320634391429237, 0, 3.1199410955553457, 0, 0.4819322070736519, 0, -2.508191554571181, 0, -2.559208790252229, 0, 1.0929033078378014, 0, 0.9472337239546557, 0, 0, -2.8294022262085132, 0, 0.6617098714399307, 0, -2.8168952378748155, 0, -2.10669376401169, 0, 1.3675544720101398, 0, 0, 0.6160336467750167, 0, -1.678385158741115, 0.5506540052633238, 0, 0.7905474414754371, 0, 0, 0, 0, 1.1585294589132034, 0, 0.7035134447657948, 0, 0, 0, 0, 0, 0, 0.8237479739375078, 0, 0.7283396044655212, 0, 0.4280353605321028, 0, -2.9642519004108343, 0, -2.7478913783744336, 0, 0.4460041636579546, 0, -2.879833847712702, 0, 1.2033893241556899, 0, 0.86344519630734, 0, 0.5896008201692896, 0, -2.8140025863902345, 0.5365049072318894, 0, -2.5878646402770413, 0, 0, 0, -2.945714440177694, 0, 2.3694217562492046, 0, 0, 0, -2.8371409391298177, 0, 0, 0, -2.7619771063495824, 0, 1.3817714766555282, 0, 0.5819037045804387, 0, -2.858311910132415, 0, 0.7839803090247593, 0, 0.36177947099345975, 0, -2.496360431866067, 0, 1.2447665254425737, 0, 0.8282040204293709, 0, 0.601311843975056, 0, -2.7429652962211124, 0, -3.0474869892152725, 0, 0.31872863867130286, 0, -2.4498674214942855, 0, -2.565571705405239, 0, 0.6941046010077788, 0, 0.582341227111263, 0, -2.853786917343769, 0.4346197375417161, 0, 1.0385389460218486, 0, 0.6718466156520742, 0, 0, 1.8649718517490512, 0, 0.7720807941865837, 0, 0.38087921228453325, 0, 2.480517713935789, 0.11935324767986968, 0, -1.9112556294944452, 0, 0.6545535682978508, 0, -2.7274265278925545, 0, -3.0753738673517064, 0, 1.6312118375218956, 0, 0.41341352025810923, 0, 0.5419283470267063, 0, -2.5229011196251045, 0, 0.6271141431745103, 0, 0, -2.7754400269029538, 0, -1.6380507084832652, 0, 0.5623354142844842, 0, -2.8163812058648223, 0.5303212253017057, 0, -2.8592517738197536, 0, 1.2703081222591495, 0, 0, -2.76120504206588, 0, -2.626075123047266, 0, -2.2211124080649367, 0, 1.1243577107683989, 0, -2.629870330369492, 0.5740404021452636, 0, -2.405283697946739, 0, 0.6915956365389195, 0, -2.74249306626598, 0, -2.9203764273317843, 0, 0.8853956483898024, 0, 0.675569842833118, 0, 0, 0.6146084972687236, 0, 0.5637949433156296, 0, 0, -2.9844378665359157, 0, 0.8946027103291796, 0, 0.7633221764657833, 0, 0, -2.783027675393318, 0, 0.9037444970091124, 0, 0, 0]","[184, 185, 188, 189, 192, 193, 196, 197, 199, 200, 201, 203, 204, 207, 208, 211, 214, 215, 218, 219, 222, 223, 226, 229, 230, 233, 234, 237, 238, 241, 244, 245, 248, 249, 252, 253, 256, 260, 263, 264, 267, 268, 270, 271, 272, 274, 275, 278, 279, 282, 283, 285, 286, 287, 289, 290, 291, 293, 294, 297, 298, 300, 301, 304, 305, 308, 309, 312, 313, 316, 317, 320, 323, 324, 327, 328, 330, 331, 334, 335, 338, 339, 342, 343, 346, 350, 353, 354, 357, 358, 360, 361, 362, 364, 365, 368, 369, 372, 373, 376, 377, 380, 381, 383, 384, 385, 387, 388, 391, 392, 395, 396, 398, 399, 402, 403, 406, 407, 410, 411, 413, 414, 417, 418, 421, 422, 424, 425, 426, 428, 429, 432, 433, 436, 437, 440, 441, 443, 444, 445, 447, 448, 451, 452, 455, 456, 459, 462, 463, 466, 467, 470, 471, 474, 475, 477, 478, 481, 482, 485, 486, 488, 489, 492, 493, 496, 497, 500, 501, 503, 504, 507, 508, 511, 512, 514, 515, 518, 519, 522, 523, 526, 527, 530, 533, 534, 537, 538, 540, 541, 544, 545, 548, 549, 552, 556, 557, 559, 560, 561, 563, 564, 567, 571, 575, 578, 579, 582, 583, 586, 590, 593, 597, 601, 604, 605, 608, 609, 612, 613, 615, 616, 619, 620, 623, 624, 626, 627, 630, 631, 634, 635, 638, 639, 641, 642, 643, 645, 646, 649, 653, 656, 657, 660, 661, 664, 668, 671, 672, 675, 679, 682, 683, 686, 687, 690, 691, 693, 694, 697, 698, 701, 702, 704, 705, 708, 709, 712, 713, 716, 717, 719, 720, 723, 724, 727, 728, 730, 731, 734, 735, 738, 739, 742, 743, 745, 746, 747, 749, 750, 753, 754, 757, 760, 761, 764, 765, 768, 769, 771, 772, 773, 775, 776, 779, 780, 782, 783, 786, 787, 790, 791, 794, 795, 798, 799, 801, 802, 805, 806, 809, 812, 813, 816, 817, 820, 821, 823, 824, 825, 827, 828, 831, 832, 835, 838, 839, 842, 843, 846, 847, 850, 851, 853, 854, 855, 857, 858, 861, 862, 864, 865, 868, 869, 872, 873, 876, 877, 880, 883, 884, 887, 888, 891, 894, 895, 898, 899, 902, 903, 906, 909, 910, 913, 914, 917, 920]"
40,691.4627752839513,729,"[-2.4474055488554702, 0, 0.5203218317300954, 0, 0.9047808166051065, 0.09520290660375386, 1.786040048895195, -2.1028827011483617, 2.1775425439775384, -0.02467885453992093, -2.5358309280467024, -2.432621179879137, 0.6150687289529837, 1.0280692979629742, -2.320053437144301, 2.590607561584036, 0.15572596111441964, 1.6444371076510131, -2.320008366341448, 1.1126925369173701, 0.7530489533338075, -2.533148165265236, -2.61142009393128, 1.0063865498739837, 1.2210210548447544, -2.0804469889565786, 3.1314676410380153, 0.03564150485010058, 1.4129179792320308, -2.0608502680445815, -2.7623486814676625, 0.5080798048386228, 2.1585170524303936, -1.9797008740104174, -2.2939044625925327, 0.7230963715325062, -3.0802030284375634, -1.874606966394041, 2.3726688742666306, 0.714964277790459, -2.160274503176345, 1.551389508670557, 0.620588653094927, 1.8202872595312833, -2.511205407145359, 2.658438189092795, 0.1552221916471422, 3.0448144343514016, -2.493731669015148, 0.9713838767467735, 0.4019655884404055, -2.9067527664521853, -2.596066099609934, 1.9683607357610333, 0.0296219637488135, -2.3687084791085447, -2.9020571913889572, 3.0192206003844566, 0.6816639707275927, -1.6288437985043065, 2.6470262504335795, 0.3034246197327163, 2.9768652072629194, -2.334523463038162, -2.499707334307554, -0.11051208069630046, 2.496792724657001, -2.6332397969047014, -2.334810551189902, 0.6981273901176798, -2.4334936740297097, -2.655711285261123, 0.5544716792313683, 1.6482194323950783, -2.2288313451314585, 1.724277523505261, 0.6310249242720158, 1.8400614764835905, -2.2244640467318892, 1.9359174251934848, 0.5885255954614581, 2.9839133595313525, -2.436879273300488, 0.9652575314372756, 0.8496842934450791, -2.0440888757020614, -2.9584562300903645, 0.003994929667041198, 1.0516979015908352, -2.5986162871470344, -3.1212358400526874, -1.189800686324693, 1.1801462102583469, -2.324924976995049, 2.9468045033074253, 0.7462715839386621, -2.33649778624695, -2.6698834915798773, -2.0830656145242403, 1.280424504442771, -1.7906389518807175, 3.053972566177082, -0.10945325771116841, -1.4917616429005867, -2.2570888156995816, 2.548498300618241, 0.19356054450936605, 1.9664727248689273, -2.5030256791823957, 3.030571281883951, 0.17181706726270105, 2.200490636731238, -1.922474678331473, 3.098295136714729, 0.5883131045084462, 0.8704981464172357, -2.405033017907964, 0.7993831539404241, 0.39231580182102077, -2.044966228860515, 2.87937833526219, 1.1950370665346965, -1.7572943683970563, -2.6913416928063874, 1.6350994923665985, 0.16104426690531665, -2.900013238252074, 2.7208325743393678, -0.5422425724665322, 1.0630024907340068, -2.0190102353449375, -3.0111825730422837, 0.33892614340199106, 0.5564228590889582, -2.658428974720093, -1.4867708154933137, 0.4467673018282803, -2.417453588025193, -2.247585976092514, 2.8622736322513718, 0.8866661313924586, -3.069722584257582, -2.5999938487639986, -0.1888236154813112, 0.4485937528572388, 3.0675966312715697, -2.6755182157514312, -2.244933246420412, 0.5468620174673784, -0.29030239985080425, -2.2807500384552046, 0.3867225955626789, 1.3040932819838098, -2.53613463002976, -3.0690329646508765, 0.05446226820940918, 2.321982223029818, -2.6261748230916635, -0.6745011447631967, -0.18091216163376078, 1.3940140760180437, -2.591703265061366, -0.12009076776658194, 1.8166167886065008, -2.4347107058189623, 2.9025422630361004, 0.4733099685368887, 0.27940082065000227, -2.5848978159316833, -2.639676659250038, 0.260110723441278, 0.5440712564494828, -3.118930138931216, 1.7695737104211333, 0.625651253706498, 1.8492797538994925, -2.9305687740287287, 2.7572536706743582, 0.330075280083758, -1.3630009925989846, -2.986143151709166, 0.8954661154375985, 1.0506751556354816, 1.0086898303404281, -2.4163809378995937, 0.4293584796915281, -2.6960137106249444, -3.0457358497752627, 3.127706117883892, 0.3328268779289587, 1.8293376738007807, -2.763281189571061, -3.1394471140488944, -0.1543300590324643, 1.389455422211712, -2.5362978433115497, 1.4537848914178237, 1.1588699650292735, -1.7681972643453818, 2.599548931377664, -0.5703894074288125, 2.6888062772288377, -2.562548053107426, -0.43663619684787613, 1.01426551570966, 1.9434258332685863, -2.3089914998248915, 2.128592782451679, 0.8688280002759154, 2.081073938085227, -2.4193956464932747, -0.43857711358124934, 1.9199884740501447, -2.586396722069171, -2.6275632964646, -0.39870719375189273, 1.1530660550625724, -1.8325186685089645, 2.9445624809609536, 0.7178481150109696, 2.748354649532224, -2.7051637850617984, 1.3096451393297546, 0.8140839158788662, 1.8180607315098418, -2.776252773823351, -1.0012443760308627, 0.7503865171708818, -2.356763545326769, 2.736423768707712, 0.46971904879379844, 0.10565621861546796, -2.2548871479524073, -2.4119424111887056, 0.7789152934514079, 1.810323150840462, -2.2882442420798585, 0.8964866222120467, 0.6440608318646113, -3.0029772008008027, -2.5949549341216747, -0.05970534702371918, 0.9553443569556608, -2.0629399088266474, -2.51654597126241, 0.06227778922823908, 1.3567133591412375, -1.560360981168953, -2.7907178709838005, 2.742112006425195, 0.5005809307116594, -2.187574744715386, -2.3038003200332464, 0.19603369790606112, -3.109123258224572, -3.0727817509468074, -2.429903336176099, 0.6912051532544334, 2.6946679785519634, -2.4529110667763323, 0.017423194437201812, 1.2637349797246187, -2.7013068444874686, 2.838676309639179, -0.842663043906203, 1.6980609914969502, -2.480289011283318, -2.4219649069747327, 0.9257086911319258, 2.0570664190428007, -2.861486488237829, -2.2874229270510584, 0.6168165131940369, -1.7897094304001264, -2.573636731066755, 0.57227458460642, 0.9946722268122037, -2.5507314112449353, 2.4071069088409787, -1.5415289306002695, 1.415383497334275, -2.5838936176875675, -2.922101030329741, 0.24914052176940427, 2.524758799380038, -2.4105958055874326, 0.5664374466865154, 1.2571730679929054, -2.189713424213982, 2.835828261476768, 0.3343479088039389, 1.401903834748218, -2.8798363630461505, 2.609453430858154, 0.35824715758251785, 1.461414201596815, -2.4965966506285104, -3.017943067056081, 0.5514329664197989, 1.9619295654496673, -2.3448809360531535, -1.5657719686523475, 0.522801956484417, -2.9626729774480784, 1.2176222287589014, -0.2701536213565788, 1.009450843656985, -2.7100842549480157, -2.132416923644257, 0.3933347365592062, -1.635616550895443, 3.084165893948178, 0.9569795938558691, 1.1932892300954148, 1.92937672583451, -3.0401430312227595, -0.12911028216817794, 1.5179343960273113, -2.2077791070737973, 2.3184615663364063, 0.6212734900369049, 0.6574239333852266, -1.4273957630971026, 2.9667458959345554, 0.09667689402567849, -1.78808004218642, -3.138300575345357, -1.3009720734207646, 0.7953512012267215, -2.2339368126910797, 2.7301044057108212, 0.8591337448995284, -0.10125317884029246, -1.9273005155912868, 2.20075583606298, 1.1767540101494123, 2.777678887597875, -2.3460013620663807, -2.7064795665952217, 1.0200012944240135, -2.231601991924744, 2.8433659490046947, 0.32946159199909675, 1.4351412729287298, -2.511805702475001, -2.761599384951822, 0.7913999725083952, 0.2831846907794823, -2.080546003194705, -2.0348428318178318, 0.897789077463291, -2.044281832939665, -2.9923485360543967, 2.264018635968623, 0.9131813578271347, -2.053972316051671, -2.4259873992254857, 0.29934723786912676, 2.377482080968524, -2.453693500500292, -2.8956542986300913, 0.5000353363733031, 2.184238934531309, -2.6854280148444882, 3.0128244693858917, 0.5591615324977831, -2.5940995687556896, 2.161981905469376, -1.4877726568596565, 1.2252167852497238, -2.0245720888266727, 2.7272117302863275, 1.0516489531344453, 1.0516934735873082, -2.390372704647235, -1.4335152719390867, 0.8833901581105321, 1.6036461533430666, -2.6229508287002217, 1.251532664166749, 0.19012571523685087, 0.9053112629541414, -2.4253301646561014, -0.5000829531375521, 0.43996155613851295, -1.563339698359792, -2.609286242697144, -0.20458729264138864, 1.5953280237400806, -2.6964381115620486, -2.9608411162640973, 0.6615970296690415, -2.346620507470814, 2.411345697658058, -0.5486404732089045, 0.9335572304295608, -0.3042201101254745, -2.994170207759005, 0.854801298333399, 0.29951576864244034, -3.086317255584128, 2.737638122032453, 0.09652754276579509, 2.559742677471947, -2.7929037877851317, -1.5639784430962123, 0.4541562149839577, 2.6997918794241254, -2.3789657555880135, -3.1219605134687476, 0.37075773607245915, -1.44365454382236, -2.392857838666264, 1.1945213606997798, 1.1180965491276418, -2.0194880326008238, -2.812467647913256, -2.144759197617316, 0.8374303047130963, -2.4102909859734023, 1.2670833555095653, 0.12801796341876284, -2.6677543379762882, -2.6873127992224113, -2.3848919816621246, 1.0640021142844764, -2.600195949369858, 2.9912855864281274, 0.970558052687814, 1.865423959672332, -2.6920197178464864, 1.806556285865785, 0.33768482686918744, 1.6620045357016848, -2.66314284674904, 1.2972314040768418, 0.6037459800937549, 0.9412719604608132, -2.3350390652188295, 0.827062197526325, 0.6899712221085277, -1.3870207920970385, -2.814815038278972, -1.3661318084362915, 1.0550256684631354, -2.1375133688478374, -3.0770417410207007, 0.99154161704587, -2.0733808053344953, -3.124433159562537, 1.9274210476115512, 0, -1.914193020712925, 0.4943715858558307, 1.1628040771922927, -2.4520061489467344, 2.743914263471877, -0.2934113738085885, 2.5118844307238812, -2.642036098008408, 0.1547025307723098, -0.34408232181974346, -1.5543777053937256, -2.685518967908751, 2.603488873604134, 0.15969696241416145, -2.189750861202612, -2.621153239254923, 0.677720992836608, 0.6316889552712022, -2.525472216640909, 2.719040470852825, 0.46193434371603576, -1.626317963728386, -2.814838196766612, 1.7484680515440219, 0.11967495383596863, -2.5716745394713083, 2.467605164751448, 0.0004269766395203097, 1.1990275809076858, -1.942298674219166, 3.111840261862381, 0.615953131958668, 2.096313036340648, -2.943717484417941, -2.4486344552672366, 0.35234560879796, -2.356455126063089, -2.584219650197425, -0.3877253617764422, 0.9159149333045409, -2.4732612604387842, 1.679526538615247, -0.017863326120191866, 1.2500199506962186, -2.509837701579158, -2.6198381316788315, 0.2921480336583506, -2.863563886495775, 2.9706363050115856, 0.3328707099808577, 2.648670145899776, -1.523309888365154, -2.8353030090453517, -0.18795619342718334, 0.7992454769710566, -2.708800098386103, -2.9155238018601324, 0.4863052503080186, 2.3507567150794078, -2.5747452353603704, 0.22702701842960846, 0.8090108990265208, -1.7731622255588853, -2.369443736623397, -0.05766092099774623, -2.7438771086907656, -1.7842438990087934, -2.9254432101563963, 0.8856685904333745, 0.7001729744276161, -3.0780516479209212, 0.7574337861834458, 0.8511955757729245, -1.5947858545231637, -3.025999424130728, -1.5817213426974932, 1.2022871189858884, -2.559516891765652, 3.0896737394952614, 0.6094719041381098, 1.6759748946293902, -2.3667067180201835, 2.2187776950784053, -0.27175956129383544, 2.5554598110822178, -2.8025568160052563, 3.0643173330765086, 0.209703032557821, 1.0511026241839285, -2.6447286200009548, -1.948342854222789, 0.8270822871562163, -2.721088485786631, -2.480254974025213, 0.42915074387496366, 0.8904618533498433, -2.4385387117003874, -2.873172503024697, 0.2629697681445391, 2.2624222868596315, -2.2428849060897322, 0.41648761812740953, -2.902982073737707, -2.1027988329770797, 2.9062754479997506, 0.20996119649058195, -2.5039466940578095, -1.5215500752929878, -2.6118655190276474, 0.58243107252307, -1.755840186682143, -3.0919000822904743, -2.80174101394046, 0.7012378370348901, 1.303462027310121, -2.2639502948553867, 1.5331970714011276, 1.5176251008881176, -2.463928673994798, 3.085342094552292, 0.644990163837999, 2.6774032608336995, -2.822792987048549, -2.9611768022865674, -0.04636497472309429, -2.172284457986892, -2.529954420610423, -0.00451884466807311, 0.3894671073070539, -2.463658640118586, 2.560070590468226, -0.40521855822645864, 2.2482557657828544, -2.1099687958591207, -2.2237481860525308, 0.6860925199762583, 1.7107896245185583, -2.472503123982391, 0.5830268199186546, 0.7371539492054545, -0.5118975249715725, -2.6517689143601086, 1.1947809183561033, 0.7546165885048923, -2.832466487717268, -2.8504783299308754, -0.5748894300632025, 1.2961867344648133, -2.623459764554853, 2.3029118796848533, -0.10281110442233111, 2.31166004295635, -2.7498657010372582, -0.4774300034541786, 0.7907538450807602, -1.605459456674148, -2.5826422458065363, -0.04222503290310645, 2.982106174303205, -2.2324380662391694, -2.1297230424192053, 0.7198138946326798, 1.4606556211000472, -2.038534496516252, -2.9905564030880845, 0.26546599979864016, -2.4502463642313104, -3.0619798650168564, -3.076523633242191, 1.4839566896825072, -1.4137023638879036, -2.920840528428883, 0.873973325752542, 0.9100065343612838, -2.2201724968178556, -2.7802578028321743, -1.0152662443914653, 1.294662533631409, -1.9642706858854262, -2.9630478232225865, 0.30752908793756767, -2.0755445237043864, 2.3580471936637513, 0.6395718435468857, 1.1504466856748312, -2.8718862525058246, -2.746891968952328, -0.2681826091068497, 0.9886751423637931, -2.11740302528713, -1.9935378744124916, -0.583456917181344, 1.181849656937671, -2.2897091191522727, 2.31761798277472, 0.03376956646001275, 2.739612075668871, -2.6613911953877865, -2.443472109975127, 1.2192068420165363, -2.201773932834295, -2.7294635325912164, -0.2186349593026908, 1.2280448799954222, -2.335023811438649, -2.4891518753980453, 0.4367163182901922, 1.0047398594189123, -2.6727936132818373, 1.0721370579203813, 0.637830041655739, -2.5088931460862818, 2.7996115554975662, -0.3022333979098927, 0.719826268026396, -2.429708937618262, -3.0706429638661064, 0.02402827784939497, 2.2865014067415648, -2.9661855132165265, 2.50541043944343, 0.3991678456647488, -2.101547426476177, -2.884129084822813, 2.238788501507988, 0.6664411803383343, -2.503411343730086, 2.4498770572480515, 0.3973357100294728, 1.5846944030139687, -2.394500829196973, 3.0541278967841494, 0.4415874161161913, 0.5046463790535997, -2.55000340077654, 2.58477541486333, 0.7273989189088241, -2.46799600988866, -2.995674093642622, -0.058668884188452904, 1.3978582230648076, -2.582566871797835, 2.5857295369606756, 0.7986859170331188, 0.7504997079158182, -2.298182913992215, 2.584813833575372, 0.48158815094306023, 2.0213641305891734, -2.7876697062803824, -0.8910669130323023, -0.24718568636190796, -2.396973116687449, 2.8816786154234975, -2.810406837968852, 0.6130294089610576, -2.3593868749814075, 1.3229120566621526, 0.6310075038178116, 2.162074787816669, -2.5840658595392463, 1.4636966426195666, 0.8007779393189742, -3.079631391404796, -3.066564215532932, -0.3650330883284161, 1.794147815219491, 2.1120639329598894, -2.4154507335593385, -2.477042589560987, -0.4930839515433803, 2.332433947184095, -2.1641842724887144, -1.9942260231192037, 1.6461779827291618, -2.197581539587795, -3.0508443445789424]","[197, 198, 202, 203, 205, 206, 207, 208, 209, 210, 211, 212, 213, 214, 215, 216, 217, 218, 219, 220, 221, 222, 223, 224, 225, 226, 227, 228, 229, 230, 231, 232, 233, 234, 235, 236, 237, 238, 239, 240, 241, 242, 243, 244, 245, 246, 247, 248, 249, 250, 251, 252, 253, 254, 255, 256, 257, 258, 259, 260, 261, 262, 263, 264, 265, 266, 267, 268, 269, 270, 271, 272, 273, 274, 275, 276, 277, 278, 279, 280, 281, 282, 283, 284, 285, 286, 287, 288, 289, 290, 291, 292, 293, 294, 295, 296, 297, 298, 299, 300, 301, 302, 303, 304, 305, 306, 307, 308, 309, 310, 311, 312, 313, 314, 315, 316, 317, 318, 319, 320, 321, 322, 323, 324, 325, 326, 327, 328, 329, 330, 331, 332, 333, 334, 335, 336, 337, 338, 339, 340, 341, 342, 343, 344, 345, 346, 347, 348, 349, 350, 351, 352, 353, 354, 355, 356, 357, 358, 359, 360, 361, 362, 363, 364, 365, 366, 367, 368, 369, 370, 371, 372, 373, 374, 375, 376, 377, 378, 379, 380, 381, 382, 383, 384, 385, 386, 387, 388, 389, 390, 391, 392, 393, 394, 395, 396, 397, 398, 399, 400, 401, 402, 403, 404, 405, 406, 407, 408, 409, 410, 411, 412, 413, 414, 415, 416, 417, 418, 419, 420, 421, 422, 423, 424, 425, 426, 427, 428, 429, 430, 431, 432, 433, 434, 435, 436, 437, 438, 439, 440, 441, 442, 443, 444, 445, 446, 447, 448, 449, 450, 451, 452, 453, 454, 455, 456, 457, 458, 459, 460, 461, 462, 463, 464, 465, 466, 467, 468, 469, 470, 471, 472, 473, 474, 475, 476, 477, 478, 479, 480, 481, 482, 483, 484, 485, 486, 487, 488, 489, 490, 491, 492, 493, 494, 495, 496, 497, 498, 499, 500, 501, 502, 503, 504, 505, 506, 507, 508, 509, 510, 511, 512, 513, 514, 515, 516, 517, 518, 519, 520, 521, 522, 523, 524, 525, 526, 527, 528, 529, 530, 531, 532, 533, 534, 535, 536, 537, 538, 539, 540, 541, 542, 543, 544, 545, 546, 547, 548, 549, 550, 551, 552, 553, 554, 555, 556, 557, 558, 559, 560, 561, 562, 563, 564, 565, 566, 567, 568, 569, 570, 571, 572, 573, 574, 575, 576, 577, 578, 579, 580, 581, 582, 583, 584, 585, 586, 587, 588, 589, 590, 591, 592, 593, 594, 595, 596, 597, 598, 599, 600, 601, 602, 603, 604, 605, 606, 607, 608, 609, 610, 611, 612, 613, 614, 615, 616, 617, 618, 619, 620, 621, 622, 623, 624, 625, 626, 627, 628, 629, 630, 631, 632, 633, 634, 635, 636, 637, 638, 639, 640, 641, 642, 643, 644, 645, 646, 647, 648, 649, 650, 651, 652, 654, 655, 656, 657, 658, 659, 660, 661, 662, 663, 664, 665, 666, 667, 668, 669, 670, 671, 672, 673, 674, 675, 676, 677, 678, 679, 680, 681, 682, 683, 684, 685, 686, 687, 688, 689, 690, 691, 692, 693, 694, 695, 696, 697, 698, 699, 700, 701, 702, 703, 704, 705, 706, 707, 708, 709, 710, 711, 712, 713, 714, 715, 716, 717, 718, 719, 720, 721, 722, 723, 724, 725, 726, 727, 728, 729, 730, 731, 732, 733, 734, 735, 736, 737, 738, 739, 740, 741, 742, 743, 744, 745, 746, 747, 748, 749, 750, 751, 752, 753, 754, 755, 756, 757, 758, 759, 760, 761, 762, 763, 764, 765, 766, 767, 768, 769, 770, 771, 772, 773, 774, 775, 776, 777, 778, 779, 780, 781, 782, 783, 784, 785, 786, 787, 788, 789, 790, 791, 792, 793, 794, 795, 796, 797, 798, 799, 800, 801, 802, 803, 804, 805, 806, 807, 808, 809, 810, 811, 812, 813, 814, 815, 816, 817, 818, 819, 820, 821, 822, 823, 824, 825, 826, 827, 828, 829, 830, 831, 832, 833, 834, 835, 836, 837, 838, 839, 840, 841, 842, 843, 844, 845, 846, 847, 848, 849, 850, 851, 852, 853, 854, 855, 856, 857, 858, 859, 860, 861, 862, 863, 864, 865, 866, 867, 868, 869, 870, 871, 872, 873, 874, 875, 876, 877, 878, 879, 880, 881, 882, 883, 884, 885, 886, 887, 888, 889, 890, 891, 892, 893, 894, 895, 896, 897, 898, 899, 900, 901, 902, 903, 904, 905, 906, 907, 908, 909, 910, 911, 912, 913, 914, 915, 916, 917, 918, 919, 920, 921, 922, 923, 924, 925, 926, 927, 928, 929, 930]"
80,613.1602085773663,630,"[0, 0, 2.2182956771760676, 0, -0.8276892133653271, -0.47576692546109123, 0, 0, 2.0644583380403763, 1.197606310085376, 0, 0, -3.136403074877721, 0, -0.9848709569349275, 0, 1.7844909150695447, -1.1432021051932117, 0, 1.9320136289857988, 0, 2.0138322648966596, 0, 2.290482864899859, 0, -1.7632365799721557, 0, -2.6741190269864057, -0.11450252131317648, 0, 0, 3.0838699737878903, 0, -0.720504954392532, -0.44518745094126233, 2.0491191975268417, 0, 0.37280826383605303, 2.7261792611394546, -0.9970444436173612, 1.7475170550379135, -0.4756797976431907, 2.5918438458804354, 2.8689332608246967, -0.9964068164191309, 1.4052545598283475, 1.0593380356390338, -0.9405634734727101, 2.1553399954443946, 0, -1.5493198819326108, 2.3288366011797734, -0.6560877730536192, 2.7557772027999725, -0.4474417905122887, 2.4276939276492056, 1.494542419062186, -0.7850294584028422, 2.887987112972054, -0.12136016081369433, 2.581696479633954, -1.4162968448147168, -0.3459314312810353, 2.5662947554467475, -2.510876822159844, -1.2815522852908459, 1.1308918656425726, 1.312515935981551, -1.1191065345531077, -3.135033047576159, 1.642478038019697, -2.6668392721250864, -1.8391263038166727, 2.4431186420847424, -0.002499359477671915, 1.7659352380106923, -2.2418939097975663, 3.0913299931265126, 1.6466075853435909, 2.5044045626106994, 0, 0, 2.8512803143283643, -0.6350245931535548, 0.7315426331340396, -2.211903916493738, 0.07943276503170027, -0.1410709817763594, 2.6402396068324467, -1.906953385851672, 1.2163270383895146, 1.6593013303570774, 3.0124370456489142, -0.8528911168891969, 2.2404398963873167, 1.5568585354822138, -2.526185500160166, -0.6429016959905549, 1.531804536596842, -0.2736263129680682, -2.1635021747561254, -1.3032459503355638, 1.651625078319027, 1.3937234445385596, -2.0465364302040103, -0.3949245217520165, 2.161210297437739, 1.7298670399854759, -1.582133985954291, 1.8166403013377417, 0.8587710951888846, -1.9384742556205923, -0.501305569269347, 2.1225362710280327, 1.6741929277886787, -1.7762062637970746, -0.6049617595259456, -0.14206442034404382, 2.161217077759217, -1.6451823857448904, -1.2239502953503685, 1.4591054558133367, -2.541502670720146, -1.3752987812843624, 1.9835579950343698, -0.21351339015847157, 3.101256403401562, 2.579813584781698, 1.2840412747643273, 1.7634133964142171, -1.9274681633095228, -1.0722654817711594, 1.0587892463657298, -2.39238161314835, -1.8389598006011374, 2.175567687637424, 0.646887566491898, -1.3211361588660333, -1.674560836658168, 2.587351610288712, 1.0474130532756765, 2.8126395222531935, -1.3022370154831227, 2.4246490301684207, 0.4940055793695015, -1.4718652684379248, -1.9239847550408535, 0.8616060270007412, -0.11143570634102856, -2.421596019899903, -0.5686563202767935, 0.798293210848345, -2.257758161946267, -1.0060549569009196, 2.2299883573876835, -0.2798418002816285, -2.6959264508358003, -1.4854958267214566, 2.015824400753548, 0.12246523712566222, -2.0606750555148152, -0.5522885901302667, 1.6369828451923434, -0.7309339870365373, -2.257699587637639, 0.8454361955015484, 0.8165885298557507, -1.1321878030033607, -1.868344172119869, -0.1361300784399751, 1.0917022011238613, -2.3428141868530283, -1.7494229597093442, 2.815569755397042, 0.6421199831515425, -2.4022008440376297, -1.171876349020714, 1.2506910465943657, -0.5613990198071531, -2.4068216325459626, -1.1844005568460054, 0.8409041617336119, 2.295989369105083, -2.0341806351503724, 2.416093291562948, 0.34009840046391315, -2.7107049131802152, -0.6174856476415523, 1.5318162187341018, -0.8519825833140257, -2.31214011541971, -0.5524756083005544, 1.0108622799574467, 0.14260930896407664, -2.584614569712251, -0.5452118768357536, 1.099687776296332, -2.3242983113324636, -1.2196960022437235, -2.8162546252633756, 1.179327953818835, 2.908605381117014, -1.4964168465412504, 1.441295659605514, -1.1593371991375674, -2.7355185979421854, -0.8930877660982779, 1.1641819292747129, -1.411820955188057, -2.1447408678613225, 0.9129505205117179, -0.10543190354854362, -2.452049069695328, 0.041094281028094336, 1.331328495905535, -0.5959145342876941, -2.4319436223581192, -1.3628364168755345, 1.203227950599944, -1.3712163241085773, -2.304526577133598, 1.3771258819044647, 1.2858979155189956, 2.7036357323041154, -2.06897860389411, 2.4737220020015465, 1.0421109972282883, 3.018953225839177, -1.416590956039018, 1.3561323851089029, 0.468748976643452, -2.597426662952625, -0.9923488547149518, 1.3366528234327728, -0.5389537708920975, -2.064981751990535, 1.5398004393245728, 0.5274711369882621, -2.9793512461265568, -1.2257365627407726, 1.7411478711493071, -0.4774583817881754, -2.2371567227547153, -0.47630251994374945, 1.02009443773806, 3.0811442647381915, -2.1702902557367927, -0.5202051418500965, 0.9915095450220917, -2.616121264770737, -1.9624368932605947, 1.8727850500166425, 0.6335588006944873, -2.1054960974437575, -1.801515503254277, 1.9817139010729856, 0.13730614346104011, -1.787610053239267, 0.4144834079635156, 1.816255628682109, -1.4855008997415065, -0.9560978986991947, 1.3204030802592381, 1.2862380284891197, 2.9748021541494993, -1.5198116338403707, 1.5597229992205197, 0.402615201582326, -2.296279248376951, -1.3416789280400647, 1.0834918332332133, 0.11831648083953467, -2.8566320402482024, -1.161116398574369, 0.5161224724638086, 0.6421360268346928, -2.198469844229614, 2.2033055368064547, 1.0233193893263208, 0.023290293154542056, -1.965938023022353, 2.4736298474262393, 0.5360991146215293, -2.620106168692914, -1.5829696132171593, 1.1176943727820154, 0.06995730021200962, -2.635040545285625, -0.7349698549353817, 1.3295849605866497, -2.379534624695476, -1.5331882904883498, 1.3535035539248494, 0.07739242694510587, -2.7396505188095266, -1.3541325953344547, 1.2077959252602661, 0.14606810964163439, -2.9636441061022483, -1.472430413618795, 1.024147946983351, 0.5966967899154781, -2.1230252780439596, 0.5164291767692704, 0.5765858670620636, -1.424845395398078, -2.4240697394484165, -3.083312899514991, 1.1278106316840752, -2.944634033292497, -2.522044376882764, 1.5060584602428562, 0.9261112918025167, -2.8246586551183333, -0.5447526272250596, 0.9378929908909082, 1.5567018243185577, -2.043701485235452, -0.9575187091198554, 1.2586730345714554, -0.06274111814433127, -2.0958087523020588, 2.0905278437857993, 0.8348868751481778, -2.7149331072714435, -0.907423249543767, 1.8966757247576709, 0.43279439721936075, -1.8796244283936836, -0.37705707810878014, 1.0582598606570626, 0.25966944080056586, -2.054911063282003, -0.744669568526539, 1.0465584778926986, 1.7563412977277482, -2.12454237178389, 2.2537952815945066, 0.43753131023480973, -2.9351970531233125, -1.4367533790890992, 1.7364645649591155, 0.13025658010502106, -2.7581084039177752, 0.46312253589834307, 1.1641508351298637, -2.976383015920417, -1.5269647441854677, 1.5879985449756961, 0.8062726463787152, -2.767375559267458, -1.4735642912271931, 1.2827491792729888, -2.6885928373911425, -2.352921793442668, -1.324553375246322, 1.6040097830549698, 0.3757182592413083, -2.175755578509529, -0.039266615462753465, 0.5375469917735372, 3.10385635733006, -2.0655818047793213, -0.06649343337362408, -0.0770509044302814, 2.984783369784787, -1.5667655575867745, 1.3704318976012861, 0.12320970236485723, -2.7670622204975923, 0.48868425921025094, 1.1615847798993821, 1.1148348420210763, -2.528681715059152, 1.5522294209350351, 0.3417715090166645, -1.0401125192498881, -1.4041652951509185, 1.082756729107989, -0.7432510268042314, -2.442042069161683, -0.9211352657688711, 1.4492045527166786, 0.2263823123358493, -1.9988678848722468, 0.9127167713240274, 1.1365091421969482, -2.9026484814121334, -1.9427527626068692, 2.1057159610244307, 0.0225826984764931, -2.5864158663070644, -1.6508866142459722, 2.271854591678218, 0.3334364479179783, -2.284023118053401, -0.3705672674637881, 0.18689609856233572, 1.4514522025248862, -1.9721515322565173, 2.4664431490274943, 0.3840588763687976, -2.515805565296592, -0.5556011052421658, 0.9046478583665829, -0.4965472422746027, -2.184135158164305, 0.34428650704561087, 0.463106898045674, 2.2912941768129276, -2.205228527043839, 1.0884374112932393, 1.0263944016533137, 2.933705203451092, -1.989054286012051, 2.5808643277654997, 0.9859562653106454, -2.9503354331873277, -1.3665581681891663, 1.8916984442442892, -0.8828758166601538, -2.553177729933728, -0.48086241181286715, 1.039916230181664, -2.499541264555937, -2.2887159822748164, 1.5900560908571841, 0.22626112270912993, -2.35532793329444, -0.24391901442260758, 1.272983813607598, -1.1057038211052381, -2.317625714301743, -0.5401143258890267, 0.8622578156851299, -0.8518393258765701, -2.2172659974431865, -1.7889075285136788, 0.5177286689167259, -1.4442146360143167, -2.0436050448212275, 1.836360408947157, 0.6502487601510051, -2.8458343821654606, -1.0907024755472812, 1.6434451797453342, -0.04615235815073515, -2.2985404310220003, 0.795264998368079, 0.6963608671956208, -0.9488682847382371, -1.999979075156565, 0.017587721876990065, 1.294418722958487, -2.8416350227268627, -1.1536992652154143, 1.3590570354655385, -0.10075392917937852, -2.264204751471963, -1.7617718671784959, 1.3316282955783167, -2.8841982279541636, -2.2641807932391114, 2.034208892238539, 0.3498503096476448, -2.4845782182609213, -1.7885748345488421, 2.360589771347026, 0.6691064519204263, -2.085693608295146, -0.9128120699258935, 1.8104293821517303, -0.25340091404866094, -2.3899688373087646, -2.0272414053502312, 0.5959078516464795, -1.9171916154793296, -1.7195633429392556, 1.7869050538222717, 0.7143775264806218, -2.892751558841963, -0.7807806860419126, 1.0779541999669198, 0.08274106406336254, -2.4781901837766385, -0.2508078774841274, 0.6973909173344076, -0.3803824905202109, -2.2264306010931216, 0.7579291270581445, 1.0835584582207418, 1.637285621585463, -1.6490578736783978, 2.2745707633029753, 0.3312141095243773, 0.6080264415351537, -2.328081832929704, 1.8521684577037374, 0.530165390999101, -2.781318083830302, -0.5548155647325146, 1.359199183283306, -2.5667809436087223, -2.036563770868892, -2.4387933523201246, 0.21610096708527374, 2.7436707165131877, -1.9698247193362546, 1.401161859755613, 2.1168689651737, -1.8515360836900636, -0.1467673196246693, 1.3378664309189563, 0.7235188350247155, -2.163010185830246, -2.311416401192669, 0.9300061144998081, 1.8205065124969995, -1.8618232664662886, 2.1935910207619473, 1.1756977739342276, 2.8264135768654075, -1.2615356205414499, 1.6586110913040046, -0.3169332793412726, -2.6579290241410245, -0.9467737096474867, 1.4441390435327197, 0.44461161832249674, -2.0244143199015103, -0.13068997689906317, 0.7882227764479824, 0.36890393919760117, -2.0102591121276525, 1.3084014283028982, -0.6213700404659533, -2.6096223769983506, -2.1002376794826554, 0.7094234721031751, 1.1574683364953853, -2.8478958976847326, -0.7742962093697735, 1.0190918852535915, -1.790630491983075, -2.359849133572883, -1.3904600112836838, 0.7589706021434739, 0.03113737992944436, -2.0277662642097765, 0.2721040431643183, 0.723372331065605, -2.4497460422808595, -1.2783454523674227, 1.8973354005105152, -0.0223400339468463, -2.1854038720086533, -1.3897466028617067, 0.7678015073950616, -2.0919092694663366, -2.4667522801012827, 2.251269457933535, -0.47577580446112455, 3.100782554450428, -1.4857444058285225, 1.347918563058677, 3.0085985662923176, -2.9610645004109877, -0.6238683450843244, 1.477017406092522, -0.30993277860004764, -2.04595634946645, -0.6252476450887456, 0.9454705417386932, -0.2872308226490592, -2.128513094469075, 2.4079671725445597, -0.43304396610618845, 2.246316564153045, -2.064573339603122, 1.3504326997204545, 1.3803899688266645, -2.3328457750684635, 1.6884199895274155, 0.7557831601973876, 2.2538171107357403, -2.322209613128621, 1.8884056737278938, 0.3468579609938723, -3.033538406524159, -2.389412582019003, 1.1289507957694829, -0.6326509141306828, -2.4990814731379776, 0.708799443394868, 1.0974627709849116, -0.3486414955068086, -2.2717099831728587, 1.011043812016613, 0.9149132359723968, 1.8180785809339546, -1.781221875646041, 1.0162729074976378, 0.7530112093413043, -2.9343237818377856, -1.6183985604315627, 1.5670236691594428, 0.9774659197347628, -2.48058790168058, -1.0130934760614132, 0.7624246743478242, 1.3308745233207642, -1.9519648176022792, -3.0987724857461094, 1.1925480786294873, -3.016936640401118, -1.7049171026079681, 1.2815243558367313, -0.03402289230660913, -2.0630519084283097, 1.0404720778158896, -1.2637799374850986, -1.0138311173691037, 1.8190640499691546, -2.3131885925907967, 1.8861217113955002, 0.2235880813905103, -2.2509083835221495, 0.360545324067042, 0.6535227481047273, -2.954256166950745]","[262, 264, 268, 269, 273, 274, 275, 277, 279, 280, 281, 284, 289, 290, 292, 293, 295, 296, 297, 301, 302, 305, 306, 312, 313, 316, 317, 319, 320, 321, 323, 325, 326, 330, 331, 332, 333, 335, 336, 337, 338, 339, 340, 341, 342, 343, 344, 345, 346, 347, 349, 350, 351, 352, 353, 354, 355, 356, 357, 358, 359, 360, 361, 362, 363, 364, 365, 366, 367, 368, 369, 370, 371, 372, 373, 374, 375, 376, 377, 378, 379, 381, 383, 384, 385, 386, 387, 388, 389, 390, 391, 392, 393, 394, 395, 396, 397, 398, 399, 400, 401, 402, 403, 404, 405, 406, 407, 408, 409, 410, 411, 412, 413, 414, 415, 416, 417, 418, 419, 420, 421, 422, 423, 424, 425, 426, 427, 428, 429, 430, 431, 432, 433, 434, 435, 436, 437, 438, 439, 440, 441, 442, 443, 444, 445, 446, 447, 448, 449, 450, 451, 452, 453, 454, 455, 456, 457, 458, 459, 460, 461, 462, 463, 464, 465, 466, 467, 468, 469, 470, 471, 472, 473, 474, 475, 476, 477, 478, 479, 480, 481, 482, 483, 484, 485, 486, 487, 488, 489, 490, 491, 492, 493, 494, 495, 496, 497, 498, 499, 500, 501, 502, 503, 504, 505, 506, 507, 508, 509, 510, 511, 512, 513, 514, 515, 516, 517, 518, 519, 520, 521, 522, 523, 524, 525, 526, 527, 528, 529, 530, 531, 532, 533, 534, 535, 536, 537, 538, 539, 540, 541, 542, 543, 544, 545, 546, 547, 548, 549, 550, 551, 552, 553, 554, 555, 556, 557, 558, 559, 560, 561, 562, 563, 564, 565, 566, 567, 568, 569, 570, 571, 572, 573, 574, 575, 576, 577, 578, 579, 580, 581, 582, 583, 584, 585, 586, 587, 588, 589, 590, 591, 592, 593, 594, 595, 596, 597, 598, 599, 600, 601, 602, 603, 604, 605, 606, 607, 608, 609, 610, 611, 612, 613, 614, 615, 616, 617, 618, 619, 620, 621, 622, 623, 624, 625, 626, 627, 628, 629, 630, 631, 632, 633, 634, 635, 636, 637, 638, 639, 640, 641, 642, 643, 644, 645, 646, 647, 648, 649, 650, 651, 652, 653, 654, 655, 656, 657, 658, 659, 660, 661, 662, 663, 664, 665, 666, 667, 668, 669, 670, 671, 672, 673, 674, 675, 676, 677, 678, 679, 680, 681, 682, 683, 684, 685, 686, 687, 688, 689, 690, 691, 692, 693, 694, 695, 696, 697, 698, 699, 700, 701, 702, 703, 704, 705, 706, 707, 708, 709, 710, 711, 712, 713, 714, 715, 716, 717, 718, 719, 720, 721, 722, 723, 724, 725, 726, 727, 728, 729, 730, 731, 732, 733, 734, 735, 736, 737, 738, 739, 740, 741, 742, 743, 744, 745, 746, 747, 748, 749, 750, 751, 752, 753, 754, 755, 756, 757, 758, 759, 760, 761, 762, 763, 764, 765, 766, 767, 768, 769, 770, 771, 772, 773, 774, 775, 776, 777, 778, 779, 780, 781, 782, 783, 784, 785, 786, 787, 788, 789, 790, 791, 792, 793, 794, 795, 796, 797, 798, 799, 800, 801, 802, 803, 804, 805, 806, 807, 808, 809, 810, 811, 812, 813, 814, 815, 816, 817, 818, 819, 820, 821, 822, 823, 824, 825, 826, 827, 828, 829, 830, 831, 832, 833, 834, 835, 836, 837, 838, 839, 840, 841, 842, 843, 844, 845, 846, 847, 848, 849, 850, 851, 852, 853, 854, 855, 856, 857, 858, 859, 860, 861, 862, 863, 864, 865, 866, 867, 868, 869, 870, 871, 872, 873, 874, 875, 876, 877, 878, 879, 880, 881, 882, 883, 884, 885, 886, 887, 888, 889, 890, 891, 892, 893, 894, 895, 896, 897, 898, 899, 900, 901, 902, 903, 904, 905, 906, 907, 908, 909, 910, 911, 912, 913, 914, 915, 916, 917, 918, 919, 920, 921, 922, 923, 924, 925, 926, 927, 928, 929, 930]"
96,490.45653030946266,614,"[0, 0.4371509397477647, -2.074952400021238, 2.9830623368023494, -1.043999434290673, -0.1494732158960787, -2.6018608939538046, 2.707261326221671, -2.2933199902809416, -0.09538194626448458, 0, 0, 0, 0, 0, 0, -0.42780483649480844, 0, 0.23637630922588834, -0.06694676649351886, 0.7581763648284756, 0, -2.614327794491913, 2.0434742231564615, 0.8591915137696855, -0.17805246417961634, -2.6613161289304506, 0.7108444368993947, -0.9103900984051769, 0, 0, -0.40137031253757977, 0.6088177112266266, 0, 2.4211529856701866, 0.9216463891037461, -2.120769135412275, -0.6936130586560775, 0.8857113901397764, 1.2396653357169514, -1.7301645600264577, -3.044863873243825, 1.0749224144599039, 1.8000228430471523, -2.2626507504357565, 0.20229210589682534, 2.4693623181841216, 1.8112410314417442, -0.007925623795815987, -2.71050356660188, 2.720790888845662, -0.4644846417952623, -2.029964104549411, 0.41270340386716814, 2.592763791532612, -1.7883777644076955, -2.9363910496256924, 2.455060851615934, 0.8459276309286966, -2.483529982606661, -0.4068951517886497, 1.8947502341747113, 0.4156352482937117, -2.4290704092212723, -0.989457372802865, -2.826008730682705, -1.262737607238504, -0.38189790802367746, 0, -2.2717868127429033, -0.6661699866378026, 0.8675850474008813, 2.7684165537752494, -0.879338320699349, -1.2852200822598827, 1.396595632480709, 0.29985048923765256, -2.491851566790346, 0.3714131659094623, 0.16529075632134813, 3.0932968487377357, -0.21480781126874773, 2.8537489295179075, 1.5008775177113094, -0.6948665105414469, 0.19188672157876013, 0.17756626497157152, 2.794481841095658, -0.8586617171170755, 0, 2.2428616003856274, 0, 1.6174962965037227, 0.4250975208746902, -2.270013769707078, 0.4504159463530546, 0.8008105835248877, -2.5239340464221116, 0.04267571787969295, -2.5326478999191626, 1.24304177602655, -1.9080283486644245, 0.5091502210784378, 2.757840648250938, 1.6315661326904713, -1.477290888087935, 1.241271137625898, 1.9633511449623664, 2.3569577809020466, -0.6969455155679551, 0, -1.8508161931078502, -1.4830522604700447, 1.7689534989820892, 1.27567862294491, -1.2874952609843913, -0.24734299046189034, -2.4306865063957286, 1.284996409657145, -0.9774810412225263, -3.1084500084903053, 2.0912996767905256, 0.07191317495016432, -1.9199947125317842, -2.2597681617772913, 1.5493095065563969, -2.031524879770579, 0.6583858540637717, 0.9350977382798139, 1.1110229836020757, -1.8458093401845075, 0.7756272480073932, 1.527735273978501, -2.808605851939507, -1.8974774527401637, -1.9234074066187226, 1.3701080192941657, -1.8945556451650387, -2.113115835885076, -2.94468615921321, 1.159079186320987, -0.24694794367047798, -1.8733032241217482, -2.7237264979868105, 1.0642068484305296, -2.1119450032974503, -0.4403290240978324, 2.759398840196111, 0.6883535295850348, -2.0946937756121597, -0.07390062851901634, 0.9196985710583003, 0.34725679137821136, -1.1554575108443128, 1.018367713839896, 2.1206530150952365, 1.9567605195223632, -1.2129537202798328, -2.9839718230277863, 1.0143050932907265, -1.3082055458415969, -1.0814551706923345, -2.916912910164426, 0.6616286985312684, -2.000132448952578, 2.1270794753966356, 1.4233564197420316, -2.371700489699137, -2.0424816467455624, 0.24614395768841463, 2.6462524091707444, 2.8050097585763307, -1.6733424414344373, -2.8655842323463716, 1.4362494041035019, -2.2314929146707283, 1.5315566125449587, 1.1247350230798345, 0.53102235750955, -1.8234201153549108, 0.36668145648425665, 0.6219437701955042, -0.689686717346147, -2.007065353222656, -1.4075013529369107, 1.310128206396318, 3.0483054010706554, -0.3087646305547542, 1.8543928533154996, 1.700453463408439, 3.036730975282053, 1.2438268121082137, 2.2288018509885483, -2.8177311893395856, -0.5164078928711635, 1.2644548822437227, 1.2599673694025724, -2.0270316174730345, -0.4657562138963137, -1.9069987698553497, -0.06824781778433206, 0.8394422616275823, 1.6050546610638523, -2.179658300466095, 0.23859140304154633, 1.008268708274139, 0, 0, 1.7702111795208497, -2.5814009492439753, 1.4427169999237028, 1.6076633880648576, 0.5886256713744119, -2.853566659242134, 0.3344210473320513, 2.652465197733416, 1.1109422148657224, 3.0946167942769933, 0, -2.5607995100152636, -0.7891601199963137, 2.5518431291985677, 1.6089518621499193, 1.3689836095864576, -0.23418447260650196, 0.021164666639156015, 1.553664868144305, -1.5792962202163865, -0.5328916022903591, 2.344094082177965, 2.0701434915897714, -0.7150618070490575, -2.73115528721451, 1.5329388998366391, -2.5331565162427063, -1.9472137846079094, 1.8736877241136356, 1.060567188921706, -1.9684841711635142, 0.48347782437448267, 2.359293061535018, 1.0400536800404017, -1.2935464551803106, 2.9195498592173914, 1.749671149907351, -2.386120446782449, -0.21646552824560777, -2.5530081172524937, -0.34168325005552913, 0.3034618426642109, 2.183516824951196, 0.13793860335047392, -1.152212177743135, 0.14004275737753202, -0.4560896422730112, 1.5115628428563577, -2.3304362869261768, 0.6142698684273059, -0.32269532782776106, 1.585005402718328, 0.22629564310992273, -0.3682015893760224, -2.5493438398981665, 0.34692686552114627, -2.5571751485067633, 1.1124887988308871, -1.4221389085193692, 1.490622114433618, 1.1796130684413357, 2.7864201514436298, -2.200394873015883, -0.03399603038649358, 1.5946950719895285, -0.238373554633217, -2.4957526922255466, -2.5551773457568525, 1.074188252121854, -1.1590537496197555, -1.7825407253831869, -1.9293222061942625, -1.0648522922056936, 1.494671247759885, -1.9364234061803358, 3.096125581483308, -0.47450853377638974, 1.8133403947813629, -2.900756659328463, -2.107572767865729, 2.7776696017700075, 0.23988899291248728, -0.4271290513414307, 1.4750680591037093, -0.35065273438984756, -2.667147751712517, 0.1416465234195728, -1.1493092922529613, 1.6693246682424852, -1.1896614851844538, -2.772278242801553, 0.16245631706022814, -2.4016304324475706, 1.3857256461630076, -0.25725186337709877, -0.5730868660298883, -2.269176197172066, 2.2175745147557793, 0.6423818603993439, 0.6549354383873944, 2.0683859582971613, -3.1117490096575957, -1.1927703062568904, -0.7958842556915519, 1.2853683139344771, -1.8801533457643358, 0.33735207694824115, -0.301693532589523, -2.538510653231812, 3.058258344774663, -1.9202688685566536, -2.514859590384125, 0.483574832471281, 2.8104767816276315, -0.6141744262764671, 0, 0.4220852313002631, 1.1438507780237244, -2.012173694699016, -0.6747166503860906, -2.1482109384877965, 2.944614294146943, 0.3474748831871373, 0.12943896694222995, 0, 0.7664676764607916, 0.1870546308303125, 2.6524113403788143, -2.7243734005053715, 2.509157772864321, 0.08137753688126431, 3.046685448835674, -2.0210913544983358, 1.789417289495449, -3.079977649219271, 1.963799631957519, -1.9119582135626, 0, -2.563647776794093, 2.3265189277735114, -1.4531592121960264, -1.3831763189159738, 1.5686658716090989, 2.1268853831265124, -2.9936714698044686, -1.4712222778752517, 2.714511134527463, 2.630879805590247, -0.9234961287177363, -2.8465183386380706, -0.9752245071518276, 1.661858891079198, -1.0414110148184594, -2.2468370136296296, 1.4791840268736651, -0.7591906270982471, -1.1818703241682111, 0.5806801394436802, 1.4280131306697084, -2.4678939232497012, -0.16609605364384203, -0.7802296993896602, 3.0605306475439624, -1.7422747749956682, 0.8122155486711304, 2.68148339656121, 2.1474339772052113, -2.3129086621904347, 2.5910846922686575, -1.4264099901299838, -0.272278611631462, 2.5847588981370144, 2.6709272264467177, 0.627171888391675, 3.104123306448023, -1.8856840260939989, 1.2722252936767346, -0.9723252792996355, -2.45844652960018, 0.08951774929220863, -0.5637839850396293, 1.2638333599137428, 2.9062325460769065, -0.6734239939737088, 0.2946984456572346, -0.5630825270552424, 1.8305492652764936, -2.5217594561245567, -0.5193904489706521, 3.0042040560160954, 2.4323197968470907, -1.4474801042038885, 1.031610842620373, -2.2768253560982674, 1.3994662920953824, 0.04063967676892053, -1.6845528236811969, 2.736736190425227, 1.2657155902255754, -1.3492794212950818, 1.112895687761566, 1.7187889047969946, -1.1871508601638228, -1.5831597722280581, 1.7619598759574338, 1.1556664802647583, -2.0643559689179214, -1.2551670044117313, 1.5384946615608066, 1.4485979523788948, -1.9970526607624421, -2.9168314307460634, 1.0199716209234269, -2.5618223556948756, 0.711687132663046, 1.0589932849688894, -0.51759366686879, -0.8296698994731591, -2.0458285967728966, 1.576064293313238, 0.059847153329696284, -1.866001650124511, 0.8191663617561963, 1.791687798509934, -1.3113568230555792, -1.883195194520617, -1.0897281060214794, 1.0667175222121645, -2.032757013927285, -0.2941346780488698, 0.446438336252816, -1.7097711640711597, -1.9297108376002123, 0.2738496003373697, 2.275644817327692, -1.0856223155680866, -1.3946739393324097, -1.2681918628951303, 2.2394188456320427, 1.370232564028753, -1.2888225584382902, -3.1260133316785037, 0.7347190051947368, -2.1577043988045292, 2.660471382788919, 2.751215251801034, 0.31998957889705404, -0.12500599791232492, 1.8696022882207621, -0.3713583291608578, -1.9944560399513787, -2.1085308601988326, 0.7377189547565527, 1.59283441789107, -2.2575541184843786, -0.2547385012561319, -2.7501528685438217, 0.6959765025912705, -0.035916416799681015, -1.936636516527967, -0.9228155571564975, 0.8891305173767562, 2.8712935031609894, -2.893470693383994, 1.2574462733781633, -2.4383268296909155, 0, 0.5874316684097055, 0, 1.6103426154492773, -2.4805606205554214, -2.9728495280748195, 0, -2.6606004760624127, -2.1586877322928606, -2.592958905303702, 0.9717550099273768, 1.0631944363366757, -1.355255038438759, -0.6879703507276724, 1.3274446818369792, -2.59566284452085, 1.3906069918178166, 2.6875043033263575, 1.3455035463896858, -1.6921084262901216, 1.018343981050683, -2.7543415616426885, -2.2863160985361843, -2.578989108324201, 2.834425342626212, 0.43336173806093464, -1.7857005693086956, -0.7042156099211782, 0.6290430931720528, 0.5802889361322784, -1.331276305758984, 1.245702025869728, 1.117834547952715, -3.1037749958523895, 0, 1.2127706481056597, -2.7324956472628803, -0.3574600720880425, -2.072161977157778, 2.330185106668224, -1.192607077721089, 0.5134827715391276, 2.231150726587822, -0.075507319544449, -1.9016190697403426, 0.11251636308335639, 2.0793148291540158, 0.30246907168299325, 0, -0.9388969125922227, -3.0627451571152555, -0.37259346836420115, -0.11274725329377082, -0.21153426705093592, -2.0149574450064, 0.09667335730004496, 0, -1.1976162697970094, 1.0869651623578223, 0.8659264974916414, -2.0581785757434723, -1.278929927672324, -1.5488781683430919, -1.8358787553397797, 2.6393275555009845, 0.5591823852494634, 0.48501291574262306, 1.4706133796289707, -1.2373038455339949, -0.2749457511957043, 1.8917895560516793, 1.624881582736323, -0.24403164666363936, 0.79126568113884, 1.647249010228656, -2.8391408834819702, 0.4016670092762747, -1.950388996574334, 2.5330376271608346, -1.0610499727350062, 1.4215992219450941, -3.0744775580692596, 1.9555030214275848, 2.8790392235247015, 2.382065361021047, -0.2476868890794977, -0.2244508149369811, 0, 1.109960461786783, -0.19298225221265508, -0.7158079760424462, -1.6664143430763032, 0.004166968043374269, -3.0042517321509696, 0.4584993795681524, -3.0717580329350427, 0, 0.6357228641307727, -2.154101690372673, -1.0334976355435859, -1.1940152477269401, 2.359311270061344, -1.7512893918930224, -1.7587052597211288, 0.022459412442408302, -1.6636947506882198, 0, -0.71196221560952, 0.2878806623121626, -0.335351017085173, -1.5610068990095827, 0.6896081797662132, 1.342602215626746, 2.684983132921768, -1.2149155459799854, -2.8555168461103877, -0.29787408467249404, -1.256161450269487, 1.1898153123965007, 2.9197428514259096, 0.9288814322369526, -1.58854625778261, 0.3112580922227466, 2.0077317550569207, 2.3267597920555945, -0.41943574107917936, 2.8866060252532724, -0.9261214471989178, -2.3671088683956465, 1.2501568992237317, -1.7314490571804133, -2.379133713015997, -1.8514289533315715, -2.5970471750319435, 1.6356018744072922, 1.5968102795163142, -2.8980389916442393, -1.3262374931770493, 0.988892596628674, -2.7627347731899796]","[283, 285, 286, 287, 288, 289, 290, 291, 292, 293, 294, 296, 298, 300, 302, 304, 307, 308, 310, 311, 312, 313, 316, 317, 318, 319, 320, 321, 322, 323, 325, 327, 328, 329, 331, 332, 333, 334, 335, 336, 337, 338, 339, 340, 341, 342, 343, 344, 345, 346, 347, 348, 349, 350, 351, 352, 353, 354, 355, 356, 357, 358, 359, 360, 361, 362, 363, 364, 365, 367, 368, 369, 370, 371, 372, 373, 374, 375, 376, 377, 378, 379, 380, 381, 382, 383, 384, 385, 386, 387, 389, 390, 392, 393, 394, 395, 396, 397, 398, 399, 400, 401, 402, 403, 404, 405, 406, 407, 408, 409, 410, 412, 413, 414, 415, 416, 417, 418, 419, 420, 421, 422, 423, 424, 425, 426, 427, 428, 429, 430, 431, 432, 433, 434, 435, 436, 437, 438, 439, 440, 441, 442, 443, 444, 445, 446, 447, 448, 449, 450, 451, 452, 453, 454, 455, 456, 457, 458, 459, 460, 461, 462, 463, 464, 465, 466, 467, 468, 469, 470, 471, 472, 473, 474, 475, 476, 477, 478, 479, 480, 481, 482, 483, 484, 485, 486, 487, 488, 489, 490, 491, 492, 493, 494, 495, 496, 497, 498, 499, 500, 501, 502, 503, 504, 505, 506, 507, 510, 512, 513, 514, 515, 516, 517, 518, 519, 520, 521, 522, 524, 525, 526, 527, 528, 529, 530, 531, 532, 533, 534, 535, 536, 537, 538, 539, 540, 541, 542, 543, 544, 545, 546, 547, 548, 549, 550, 551, 552, 553, 554, 555, 556, 557, 558, 559, 560, 561, 562, 563, 564, 565, 566, 567, 568, 569, 570, 571, 572, 573, 574, 575, 576, 577, 578, 579, 580, 581, 582, 583, 584, 585, 586, 587, 588, 589, 590, 591, 592, 593, 594, 595, 596, 597, 598, 599, 600, 601, 602, 603, 604, 605, 606, 607, 608, 609, 610, 611, 612, 613, 614, 615, 616, 617, 618, 619, 620, 621, 622, 623, 624, 625, 626, 627, 628, 630, 631, 632, 633, 634, 635, 636, 637, 638, 640, 641, 642, 643, 644, 645, 646, 647, 648, 649, 650, 651, 652, 654, 655, 656, 657, 658, 659, 660, 661, 662, 663, 664, 665, 666, 667, 668, 669, 670, 671, 672, 673, 674, 675, 676, 677, 678, 679, 680, 681, 682, 683, 684, 685, 686, 687, 688, 689, 690, 691, 692, 693, 694, 695, 696, 697, 698, 699, 700, 701, 702, 703, 704, 705, 706, 707, 708, 709, 710, 711, 712, 713, 714, 715, 716, 717, 718, 719, 720, 721, 722, 723, 724, 725, 726, 727, 728, 729, 730, 731, 732, 733, 734, 735, 736, 737, 738, 739, 740, 741, 742, 743, 744, 745, 746, 747, 748, 749, 750, 751, 752, 753, 754, 755, 756, 757, 758, 759, 760, 761, 762, 763, 764, 765, 766, 767, 768, 769, 770, 771, 772, 773, 774, 775, 776, 777, 778, 779, 780, 781, 782, 784, 785, 787, 788, 789, 790, 792, 793, 794, 795, 796, 797, 798, 799, 800, 801, 802, 803, 804, 805, 806, 807, 808, 809, 810, 811, 812, 813, 814, 815, 816, 817, 818, 819, 821, 822, 823, 824, 825, 826, 827, 828, 829, 830, 831, 832, 833, 834, 836, 837, 838, 839, 840, 841, 842, 843, 845, 846, 847, 848, 849, 850, 851, 852, 853, 854, 855, 856, 857, 858, 859, 860, 861, 862, 863, 864, 865, 866, 867, 868, 869, 870, 871, 872, 873, 874, 875, 877, 878, 879, 880, 881, 882, 883, 884, 885, 887, 888, 889, 890, 891, 892, 893, 894, 895, 896, 898, 899, 900, 901, 902, 903, 904, 905, 906, 907, 908, 909, 910, 911, 912, 913, 914, 915, 916, 917, 918, 919, 920, 921, 922, 923, 924, 925, 926, 927, 928, 929, 930]"
143,785.3165303271716,567,"[1.1176132424233476, -2.520615110282523, -1.8382768779455765, 0.1400072753619676, -2.0286431495606774, 1.5846753641287135, 0, -1.767772447202384, 1.6121363957343053, -1.8466157400394172, 0.19512684586135343, 0.618240605115466, -2.5892380903391423, 0, -1.0439330978150079, 0, 2.608726059609751, -0.5758803288398852, -0.42952055503799036, 0, 0.24396717993647657, -1.0515577798509024, 2.8274801709310844, -0.10654744755086308, -0.39803942393914005, -0.8001702631740544, 2.991417827832047, 0.9758170224558772, -0.594517221335098, -2.756282406847895, 3.12928848557828, 1.2890475608077079, -0.0013236329522207425, -3.124150499278139, 2.662136956939483, 0.13794025238908303, -2.137071539777199, 2.9345062458160722, -0.8401699206311063, -0.17864415068905007, -1.1094340971607677, -3.108456576461258, -2.682500049881739, -0.13868337230014804, -2.988781409541434, 2.889309213035648, 0.6472597115105198, -0.4736204666979588, -2.4615638754867333, 2.5596925709066807, -0.09812595022298742, -0.23290030601944164, 2.2648185686161364, -1.7865118980347827, -0.585106997767627, -0.9759670605172813, 3.028842706093607, -1.984466056555022, -0.2198420221720975, 2.306139016020477, -2.9072329137362405, 0.30917791647558124, -0.2076904920289168, 3.103017821107238, -1.2465932606367023, -0.39528789396781655, -0.4293157550704945, -2.6382008656219265, 0.3412987395628356, 0.07857384083672536, -1.0995490928081877, 2.7756027312167433, 0.8255618574363812, -0.2272527840021824, -2.5639475098175146, 3.1360044345487506, -1.409916581367698, -0.3006211120717326, -2.5788177644531114, 3.1130969463139957, 0.7578415390930515, -0.5218045415347718, 2.515782925318528, -2.5959571972797684, -0.39713438314185867, -0.3753521663482146, 2.9049506800949856, -2.3017048956598707, -0.18826041527058232, -1.1492399133751356, 3.0989330504792347, 0.2926465149463959, -0.5153013310386806, -2.1634907697758554, 1.9893896331414458, 0.21391646955015112, -0.7132922919626218, 2.7915742628217113, -1.4220250533358125, -0.13743776175196742, -0.09631311764828984, -3.119114708677778, 0.20579024306827431, 0.32479888063964324, -1.8085430405548923, 3.093976659635443, 0.4435782550353931, -0.08333642569527468, -2.9476741153027466, 2.9725981744042524, -1.0277254387849486, -0.15239390200050662, 3.123979317037269, 1.9010368425455983, -0.2479727142408281, 2.2411064336556916, 2.8152795582545305, -1.9392175185811726, -0.2504483051734719, 1.242303879165727, -3.0840655363218166, 0.07848855614310095, 0.04756571666330264, -3.050541846731465, 2.868038271372992, -0.15356920775171903, -0.6415078845211264, 3.0698379929639352, 2.7618207315306185, -0.3191425659729419, -0.56404338596285, -2.846902226230631, -0.30400282537543494, -0.27711857603248774, 3.1083045196877186, 3.1308629025778716, -1.908284817462725, -0.1114652861526413, -2.1991398822378674, 2.6028522236287914, -0.5916455611015685, 0.459588622732997, 2.463064786262332, 2.949573881653663, -0.2924232849141511, -2.391975946637164, 2.759633935072953, -0.03942395021993214, 0.561572333508273, 3.09153478152787, -2.552832387932747, -0.08644716498827466, -0.9588973032420465, 3.0153991647431493, -2.847837270789662, -0.21857893150645147, -1.256548404833912, 2.7297282796155216, 2.998595707052683, 0.461634336985458, -1.511646736231046, 2.854794653932367, -0.31403882451803167, -0.02252196442811369, -2.657691843065135, -2.868776331146205, -0.19191088543791715, -2.6715093436273882, 3.0105616304589664, -2.7146883488526283, 0.14073105774761296, -0.7878243299942523, -3.058703468097151, -0.24477293972594155, -0.05755576426617541, 2.5465904970360165, -3.0741924978548605, -0.6544706887347286, 0.16734697470605137, -2.988666765629705, 1.4794444599729089, -0.0106882530879766, -0.160021122998769, 2.7616037501669974, -2.2211094551067783, -0.011452122499975008, -2.9269395500021993, -3.1404283793910506, -0.03104203688857691, -0.2305194909113083, -2.4868998035908083, -2.9606193047585494, 0.24744545124091652, -0.005957762960361074, 2.9217651441249193, -0.1431200360794836, 0.38612398582210494, -1.4170171612590463, 3.0915457109365385, 1.6832389531079917, -0.3436654778396358, -2.174032682786241, 3.135179639533727, -0.5660060116482899, 0.09254542872972253, -2.8510786680062425, -3.137958901418094, 0.08132667768558764, 0.8504006963199389, -3.1015709298179717, 2.463985299585774, 0.11405930067214283, -2.5525850019696668, -3.0898942593307765, -1.9844406015080114, -0.6150874893537922, -1.5627892180346934, -3.126909342937297, -0.03846707280960348, -0.0031394883695202882, -1.2737751952505583, 2.8195477379756277, -0.12140334696016979, 1.4292315081596652, -2.4208326742246187, -2.495360261326524, 0.331706694056079, 2.456781278281289, -3.1169491547303796, -0.22103931269675356, 0.35800827889052106, -1.4801970135168399, 2.933301826394414, -0.03777834461032597, 0.43072334380344357, -2.9043419922652145, 2.71630916894131, -0.22029418642399215, -2.6226455720870825, -3.056677763642549, -2.237361350840369, 0.068776070149208, -2.130993678766049, 2.9355878632120285, 0.3403213495962333, -0.22844420640280455, -3.12138848024995, 2.7249650952546998, -0.9517666537731269, -0.3288692918641062, -2.74361158737194, 3.0731030282148515, -0.028783904708322434, 0.4885198229567873, 1.6023043873513947, -2.8930431989689547, -0.233422592471752, 3.006369879232148, -2.937416853838419, -0.3486978982998117, 0.5819029863832313, -1.9566509406297632, 2.650722757955782, -0.04034983539378847, 0.2728183968965232, 3.112922417904187, -2.0878991795467483, -0.30375459333033, -0.16489644298885806, 2.9552155980209305, 0.31550251102704263, -0.49245868126979775, -2.614285612936295, 2.690906391401054, -2.581829000391909, -0.6748765629924913, -3.028872009999474, 3.03258989165727, 0.4116229347625343, -0.6553668666415, -2.5288598886271285, -2.9889846265569475, -0.23683335997187663, -2.8517696514446733, 2.9554825645515734, -0.38095981606433804, -0.9943141719959584, -2.286045837201801, 3.06615567280706, -0.32797268761960546, -2.861299735260252, 2.9832263672368438, -2.3496151675138637, -0.46268951283266974, 0.9324533614806528, -3.1125135091215994, -2.306693544528332, -0.04483674075416279, 2.753190887428587, -2.8720518750556305, 1.056202651175392, -0.37035128565410985, -2.0689408387858634, 2.7501984712843366, 0.14495043358461096, -0.4970095833697092, 2.6449076456274887, -1.9170286045354086, -0.05931464745195803, -1.2467025709155364, -3.015875976667734, -0.07465208239078887, 0.44670082674200134, -2.4552356834468183, 3.113415438122924, -0.2517895887972424, -0.6383933281810987, 2.4294275251230593, -2.897933922578302, -0.43538747743678086, 0.5132605634762477, 3.076869767699393, 0.7109183230051744, -0.008297886066464455, -2.1030756379319127, -2.945187996646976, 0.3642617864556842, -0.8051864269648897, -2.6187743132144163, -3.135391739240472, -0.6684118429927338, 1.4819761538916467, 3.0895311849431555, 0.5545797488745584, -0.4616183514318766, -2.0767650898601433, -3.099006617230523, 0.20824412047966684, -0.5905379333719943, -2.9067031695976477, -2.7404726066897016, -0.029350956188491262, 1.3496671706606496, 3.055215379125592, 3.0090563244887716, -0.6818393241725201, -1.5571101993964294, 2.980748233205437, 1.7738374084121047, -0.13770114685187232, -1.6893595410225226, 3.139683859172277, -1.2074858661991559, -0.0047534422958628916, 2.640188852867638, -2.365961351444092, 0.24647706400398237, -0.38502561983684297, -3.1140247831134613, -2.643347331214565, 0.004580897062839696, -2.6057411764158434, -2.5552378369105577, -0.48597298117734133, 0.5314218672790779, 2.919402347986971, -1.489476089598771, -0.10452427476103171, -1.3283691997802405, 2.89811292115846, -1.6515895044258595, 0.056416304330518106, -0.8896326044921473, 2.7587802399886563, 1.7856311644084246, -0.824213767563099, -0.14661022372243987, 2.884336451466913, 0.5730376974553468, -0.5688452126616739, -2.8860224058673354, 2.8552023343115285, -0.02944720140037538, -0.3825134999924443, 3.0404303351185535, -0.374064853375925, -0.6621206915116031, 1.2547052305325637, -3.0856760861629153, 0.26283223981879966, -0.2984084675445075, -2.6754065659009703, 3.0809654359479497, -0.27839245485581104, -1.5056357395428728, 3.056655940286609, -2.7652705451832653, -0.1338882318589693, -1.3869212757496419, 3.035140094337069, -1.4710817424350522, -0.2773766114766741, 2.0330584414728623, -3.07237580025632, 0.2828463132722589, 0.5313833143582287, 3.128277402226083, -2.419807408270088, -0.028372327378579112, -1.0473451702337815, 2.7267043299660934, -2.4086485175433974, -0.06237354158897753, -1.9875315504624675, 2.4854763400224207, -1.4106520142846994, -0.037735928053761865, 3.1329669941532385, -2.5675986866395464, -0.5390292363999387, 1.2354018793308608, 2.9956233007259634, -2.469585125551962, -0.4626463827001648, 0.9008529301856961, -2.9543287453979743, 3.089675807303925, -0.3008801540031323, -0.6660958080941256, -2.892127441441854, 0.5168221288305598, -0.2292491578790919, 2.153524661190877, -3.129466333790031, 0.30625504810681137, -0.855212237166013, 2.9324720029881695, 1.6590005440157054, -0.12411355038100243, -1.5912678704365288, 3.139130427026101, 1.2763137564654932, 0.251010500363696, -0.730977550564327, -2.883211306416193, -0.32960637838876833, -1.652114556618574, 2.6905966749437167, -2.4380517276914144, 0.01622343695549032, 0.9028248216499083, -3.1241448207896343, 1.8119995752478169, 0.059391718744986895, -2.1406998969604794, -3.0351800435054783, 0.10877800261459575, -0.21723954060553907, -1.8087437373663666, -3.124115661563093, 0.008349728164526437, -0.8015354616541774, 2.9405463859479863, -2.808117334253208, 0.2314332182777141, -1.5023393979026987, 2.9464055605421327, 2.7325722184712817, -0.3697363535035049, -2.107058813035743, -3.0102176095793896, -0.5386375610812975, 0.349282339259612, -3.0437242090928702, -2.599860536532353, 0.09110423924618824, -0.44452340552229486, 2.986988192884222, -2.5462409693183616, -0.13656324878861992, 0.38666865274190404, 2.9218839153956098, -2.291857914110046, -0.04343634448336712, 0.5615748061257838, 2.98488677789732, -0.9765395093307313, -0.43226180565854555, 3.1098740508912317, -3.1353899030407795, 0.06466912436061714, -0.08167299035877121, 2.6160104437054197, 2.165458577661578, -0.25190102230770045, -1.58348920438656, 2.9336452270469917, -0.17606236325678487, -0.3778628803690811, -2.1772158175858345, -2.8982887551520182, -0.24591994344522966, -0.3354853370703623, 3.035486844246066, -2.6590140188329205, 0.10678246050878235, -0.5575032105936014, -3.101289320496133, -1.9447360454144103, -0.39665385364647265, -2.550735352975452, -3.0032225936042445, -1.0658630013192625, -0.561990801257587, 0.02153273452452888, -2.7579575838120003, -0.6709067608815268, -0.2679320031423581, -2.9926582459385522, 0.23792397807682414, -0.70392942926332, -1.122432395265779, -2.8249859460115965, 0.5375260723389357, -0.3481025121891004, -2.4154561683062257, 2.654390203851529, 0.022897462444150356, -1.3641475908086031, 2.7240210930790867, 1.5245086264008498, -0.7620942627240326, 1.2993321514328147, 2.9021085168650647, -2.478544979141617, 0.03255109202677946, -1.3961676328673946, 2.946842798338627, 1.4693395723345744, -0.36441083174351496, -1.9716713086433333, 2.7248410542999353, -0.32398644809263494, 0.847021451138361, 2.9547218807145192, -3.0632791033901836, -0.40040862761402857, 2.74902402649281, 2.9768591057662808, -1.0803920899085022, -0.15356144752635123, 0.16374827184378002, -2.853479434681116, 0.10100355778693969, 0.6159215270756491, -2.976382448414545, -0.439814797035722, 0.07460055353704148, 1.7117999292546826, 2.6861625062181487, -2.6073071027885115, 0.265026153113118, -0.39897502690257836, -2.4417651693542717, 0.6574066711569552, -2.6126451976604574, 3.1210938959289667]","[358, 359, 360, 361, 362, 363, 364, 366, 367, 368, 369, 370, 371, 372, 374, 375, 379, 380, 381, 382, 384, 385, 386, 387, 388, 389, 390, 391, 392, 393, 394, 395, 396, 397, 398, 399, 400, 401, 402, 403, 404, 405, 406, 407, 408, 409, 410, 411, 412, 413, 414, 415, 416, 417, 418, 419, 420, 421, 422, 423, 424, 425, 426, 427, 428, 429, 430, 431, 432, 433, 434, 435, 436, 437, 438, 439, 440, 441, 442, 443, 444, 445, 446, 447, 448, 449, 450, 451, 452, 453, 454, 455, 456, 457, 458, 459, 460, 461, 462, 463, 464, 465, 466, 467, 468, 469, 470, 471, 472, 473, 474, 475, 476, 477, 478, 479, 480, 481, 482, 483, 484, 485, 486, 487, 488, 489, 490, 491, 492, 493, 494, 495, 496, 497, 498, 499, 500, 501, 502, 503, 504, 505, 506, 507, 508, 509, 510, 511, 512, 513, 514, 515, 516, 517, 518, 519, 520, 521, 522, 523, 524, 525, 526, 527, 528, 529, 530, 531, 532, 533, 534, 535, 536, 537, 538, 539, 540, 541, 542, 543, 544, 545, 546, 547, 548, 549, 550, 551, 552, 553, 554, 555, 556, 557, 558, 559, 560, 561, 562, 563, 564, 565, 566, 567, 568, 569, 570, 571, 572, 573, 574, 575, 576, 577, 578, 579, 580, 581, 582, 583, 584, 585, 586, 587, 588, 589, 590, 591, 592, 593, 594, 595, 596, 597, 598, 599, 600, 601, 602, 603, 604, 605, 606, 607, 608, 609, 610, 611, 612, 613, 614, 615, 616, 617, 618, 619, 620, 621, 622, 623, 624, 625, 626, 627, 628, 629, 630, 631, 632, 633, 634, 635, 636, 637, 638, 639, 640, 641, 642, 643, 644, 645, 646, 647, 648, 649, 650, 651, 652, 653, 654, 655, 656, 657, 658, 659, 660, 661, 662, 663, 664, 665, 666, 667, 668, 669, 670, 671, 672, 673, 674, 675, 676, 677, 678, 679, 680, 681, 682, 683, 684, 685, 686, 687, 688, 689, 690, 691, 692, 693, 694, 695, 696, 697, 698, 699, 700, 701, 702, 703, 704, 705, 706, 707, 708, 709, 710, 711, 712, 713, 714, 715, 716, 717, 718, 719, 720, 721, 722, 723, 724, 725, 726, 727, 728, 729, 730, 731, 732, 733, 734, 735, 736, 737, 738, 739, 740, 741, 742, 743, 744, 745, 746, 747, 748, 749, 750, 751, 752, 753, 754, 755, 756, 757, 758, 759, 760, 761, 762, 763, 764, 765, 766, 767, 768, 769, 770, 771, 772, 773, 774, 775, 776, 777, 778, 779, 780, 781, 782, 783, 784, 785, 786, 787, 788, 789, 790, 791, 792, 793, 794, 795, 796, 797, 798, 799, 800, 801, 802, 803, 804, 805, 806, 807, 808, 809, 810, 811, 812, 813, 814, 815, 816, 817, 818, 819, 820, 821, 822, 823, 824, 825, 826, 827, 828, 829, 830, 831, 832, 833, 834, 835, 836, 837, 838, 839, 840, 841, 842, 843, 844, 845, 846, 847, 848, 849, 850, 851, 852, 853, 854, 855, 856, 857, 858, 859, 860, 861, 862, 863, 864, 865, 866, 867, 868, 869, 870, 871, 872, 873, 874, 875, 876, 877, 878, 879, 880, 881, 882, 883, 884, 885, 886, 887, 888, 889, 890, 891, 892, 893, 894, 895, 896, 897, 898, 899, 900, 901, 902, 903, 904, 905, 906, 907, 908, 909, 910, 911, 912, 913, 914, 915, 916, 917, 918, 919, 920, 921, 922, 923, 924, 925, 926, 927, 928, 929, 930]"
160,660.4190914742782,550,"[0, 0, -1.253161093552368, 2.504210092357995, 0.7694558765566207, 0.781174302700129, -0.19721454994238904, 2.35842891605175, -2.50426380621865, -1.8360530613000865, -2.7415834742545924, 3.1085922630281093, 0.5486040206419706, -1.2522118256253285, 2.8151233278922905, 0, 0.8079565425916089, -1.7458334213325493, 2.3163211821985694, -0.05985786160670137, -1.5525172725550227, -3.1081151760509704, -1.6102499352193484, -0.33607242592878234, 2.005242581693385, 3.0808415288847293, -2.0169301021633186, -0.24054028228971108, 2.175434777644581, -3.0181595124153406, 1.1176014119656428, -0.18574519979812412, 0, 0.7366927207978774, -1.0385230306330555, 3.007601574062438, -2.558022365430097, 0.09027484646505875, 1.005567178015948, 2.85305003610558, -2.7681098844198786, 0.0439416628734963, -3.012111275327649, -2.899141975789895, 0.16197979908020496, 0.9568111543319944, -2.9818582415260693, -0.11961530402369597, 0.14452141869682586, 1.582068448955959, -3.1017816292101283, 3.088094461009755, 0.02813309595847947, 3.10029284978091, 2.799941209231395, 3.136172500890315, 0.2929495168683878, -2.9011735006085155, -3.0009600306940314, 2.590906367182288, -0.02232019671235103, 2.1585891471534917, 2.9094342961235524, 1.1239681040935063, -0.5071275287051955, 2.3925141656537092, 2.6592584161651103, 0.4539827431092522, -1.7661714667650614, -3.0410752071035514, -2.697388507895161, 0.15560403185440794, 1.9297528175856171, 3.1294914624114414, -0.14367637826974, 2.128190391382325, -2.7075164542468935, 3.0361125418476385, -0.3075901074152146, -0.4260434755050827, 3.0107320055680966, -2.2528002500350817, 0.3308468849712304, -0.5462477223220045, 3.0550798701047386, -2.903117141775164, 0.007900757641787848, 1.9093901296986813, 2.862554179532199, -1.8231388864847178, 0.27901965258010664, 2.1184362035729403, -2.978781879288567, -1.2764505272764248, 0.13078915418110673, 2.803457565763469, 3.131483620041213, 0.30249123884565204, -2.947343312982993, 2.4993041043539734, -2.914716976053906, 0.16194523429567567, 2.852239489949991, 3.081988939254335, 0.5131179913086186, -0.7760665259259341, 2.461732021368959, -2.845078339320673, 0.14855941720587298, 0.37742344445765447, 2.933551082918851, 2.4457753328760004, -0.0714391697930627, -2.5518125448148306, 3.0628000525738353, -2.0320412000180625, 0.08578818752374122, -2.4306071480302474, 2.926652332798961, -1.2928477598298445, -0.39493829812909126, 1.3983639427679255, 2.8120437190683303, -0.23955250979810158, 0.7705214250572658, 2.584512671667713, 3.101955991039337, -0.11286785928898932, -0.9084624793719657, 2.883906203432076, -0.3442983144437902, -0.6643208539354527, -2.798220762015356, -2.9579167427291493, -0.09745146199718206, 0.8315700639397133, 2.797855088353263, 3.1275996646813393, 0.3537994039131434, -2.720988262790727, 2.7335120384434988, 2.8984020840730054, 0.014586939639065655, -1.0271414123691116, 2.8807086562803033, 1.2766001444519597, -0.2415022359268474, 1.741738688223075, 2.7765809350544597, 0.3681283600300996, 0.4553401042891537, -3.0763025572641394, 2.8714769693252147, -0.07885539306315506, -2.8851757832208715, 2.8696404432220617, 0.09653426538142351, 0.14723858676580634, 0.32543144367272503, 3.1075851870973756, -0.2150927740808467, -0.5373243427277391, 2.793620348199908, 1.545328253620232, 0.12274742052862107, 2.7500488439213404, 3.0876662249143996, 2.2670966679851823, -0.4251206997346465, -2.3720316743919763, 2.8518820922143946, -0.24786771252677736, 0.27048133962608367, -2.831695076559316, 2.7072783869757813, 0.3342848462691226, -0.2884697759706344, 2.864602568194595, 0.7157002859631445, 0.22855020331493772, -0.8184896351794898, 3.1257812813465264, -2.403579418712681, 0.513971768499492, 2.7275801925070597, 2.817618011267793, -0.26488353816739635, 0.8219570994011361, 1.854132456102994, 3.10852809907238, 0.11342285447750797, 1.1268630524691587, 2.156991156059696, -2.825785873925328, 0.08824696105468147, -3.0837495019125933, 2.722038210262073, 2.6215949344834306, -0.35442468538187705, 1.3385766806641408, 3.0230575800872055, 2.8137132671499674, 0.30544108326347424, 2.8638516808163184, -2.9731144172519914, -0.6443138001635643, -0.3144422318517105, -2.802628194239034, -2.7057519313137814, 0.0009692988763469785, -0.31046539762093434, 2.957284559487954, -0.44006234715986725, 0.10048820946311725, 3.071101140606412, 3.002727701292518, 0.38051966345144916, 0.23009694032774083, 2.691132782148171, -2.8119672023874265, 0.04806819719541975, -1.6638302113516137, 2.8986530323180872, -2.1581503606368493, 0.10706770171741108, -1.3841763274001528, 3.137786986490139, 2.7405481019983533, 0.006665791874985095, 2.4385917633146095, 3.042980207833427, 1.1383133476609695, -0.0718932258775632, 2.8406212039501706, 2.759860819185807, -0.05296436794325967, -1.8660702027059706, 2.3521634189834004, 3.0777279547766043, 0.006069402610542904, 1.5644039104812077, 3.050525677355507, -0.032555407708045006, -0.20227309188540288, 3.007873636973125, -2.8855433040844334, -0.04256737504932753, -2.00791987234488, 2.9256990205787434, 3.0590576135318326, -0.19455281728564602, -3.0490919684152242, 2.83977936189498, 0.08397534625889679, -0.4403351081706501, -0.30147716208394876, 2.758009923701346, 2.1222815771180863, -0.14082603068003732, 1.9791510808944135, 2.870659319605797, -0.3567450581993917, -0.3725086757790752, 3.0658702171887398, -3.104959601974026, 0.0591945538500716, -2.8000710819704966, 2.9685439317543567, 0.11599451015106922, -0.4667690407232317, 1.877973190061785, -3.0797893460899153, 0.0434744194852119, -2.730942669492183, 2.9927307366866795, -2.478317966574576, -0.38112230940318925, -1.7740108275508448, -3.1082856435351025, -0.8585355590947203, -0.06216576926973648, -1.8150464203493253, 3.066313721005811, 1.5370899169109482, -0.1895398983803825, -1.7380177941657358, 2.7891994685307435, -0.06048049404505746, -0.32978778330453673, 2.454564342468501, 2.8873452182146866, 0.17135671455468757, -2.519120267680281, 3.087856716675682, -0.16294113959804743, -1.281303801310748, 2.2796321503709684, 3.100423610541686, -0.00035353913746116045, 0.08850555187430544, 2.974789376960556, -2.8140195373551005, 0.6492813059149188, 1.4870788853929495, 2.91541192562643, 0.2031409637785562, 0.07918440799481888, -2.5884722646453127, 2.7930701108706733, -0.4513394309524901, -0.6186245949272279, 2.8037726176356377, 2.9067492189894817, -0.13646031907109954, -1.8533132174607112, 2.9669351373477744, 0.9935066740963133, -0.44550104427801046, 2.4662664877681384, 2.9133485654818676, -0.9030128843676154, -0.20562862063648754, 3.1148061851442983, -3.126019954512661, -0.18757339127640457, -2.383459901032843, 2.8551437430863738, 3.1275599023181826, 0.07134742202371205, 1.680825807685562, 2.82982567192532, -0.6343307894371666, -0.010523666902800927, 2.1859494750258106, 3.0480059776423287, 0.6673389214162669, -0.06745606232110168, 2.9621494191485565, 2.4751033677348424, -0.5175401140011984, -1.4614902405135897, -2.563942135226817, 3.043723394912617, 0.09831962087592327, 1.491676420092986, 3.067868168776872, -0.13993087163035697, -0.4913540249485802, 2.782263204392349, 3.025904035826383, 0.4019386689921997, -2.4672487823423426, 2.936173193117714, 2.4092777928597497, 0.0013326239430743814, -2.3301161902785936, 2.8042875315973705, -0.9766689121480944, 0.35305701520343835, 1.6043687510846911, 3.1137837682905976, 0.7672788988664652, -0.4794176272025843, 2.9805352590211593, -3.094510550144981, -0.048717870609083225, -0.21835996862240076, 3.0918409414398664, 0.837205083079474, 0.1376253848978315, -0.9900479428713492, 3.0887926200314686, -1.6672502904167599, -0.5313671418345579, 2.892913845891449, 2.6986447771460065, 0.16395736015364212, -2.266545198538263, 2.9287892288063917, 2.463895073662487, -0.35995314941120066, 2.6683935296487027, 2.934707351885913, 0.9626040459088682, -0.1668002705618003, 0.03320194039798058, 2.777823318102559, 0.7483399976553093, -0.2656129195445454, 3.026176360344273, -2.7921600614554345, -0.07063877507746823, -2.009695424849556, 2.8704261655330656, 2.481171631654692, -0.08772988672367994, -2.928075034172934, 2.9655101966479562, 0.41209654792856026, -0.25988570378487, 2.5563526390900244, 3.070821898103925, -0.3861654360512522, -1.5309933809977831, 2.9543041466527376, 1.8523026491361674, -0.04200836084643969, 1.0043782337702547, 2.86801833123921, -2.6594191030255274, 0.10724757739708382, -1.6413227409075588, -3.111798329368116, 0.14593599663978402, -0.3080321665579134, 0.8812889570360579, -2.9671784859728345, -2.2753027003124418, -0.02947446320894236, -3.0711606800740587, 3.0892442884184, 0.14205288191777687, 0.7610480329815896, 3.0193965618683594, -1.676788258845993, 0.09459702949275153, -2.3798071006641113, -3.0548228997757083, 0.2527542150973456, -2.885014785032339, -2.8812026384499716, 2.983339419636837, -0.4394910708088244, -2.511398645639535, 2.499311456287084, -0.9841239583445777, 0.02404867761623896, 1.0846563019456317, 2.951223796298458, 0.2307150772976755, -0.19299562985681576, 3.122254990527889, 3.1239819535156226, 0.2655652208757051, -1.1101652745571298, 2.3135990277078524, 1.961079917598299, -0.10538291020515983, -1.1264287763500496, 2.237465914109077, 2.306958513612395, -0.09251133257128394, 3.0622863114245447, 2.909856897738693, 0.22059268709315663, -0.005235636634143553, 2.8991897159583875, 1.5955220109369153, 0.26423640842042684, -1.9033129064744851, 2.901566565289681, -3.030076633840221, 0.20116491465638345, -1.4598039003128427, 2.8405544288582343, -2.394919824523112, -0.16871523990065165, 2.2312785620509343, 3.0454618282668116, 3.0124295205938574, -0.13158046034833798, 2.970204364538601, 2.985671678743172, 0.6021951292640196, -0.4583585439542285, 2.769702475239268, 3.116221261898077, -0.4562483803993714, -1.1779741162121375, 2.6301751924098227, 0.2258590216344854, -0.2506127224592742, 2.3567893622014933, -2.8866925294746997, 0.07221288528471913, 0.9401553513418202, 2.521686543417663, 2.78339766339152, 0.4622131138285511, -1.6197290744962498, 2.9236441241973727, 1.389059358980202, -0.3197955486284403, 2.266733824353427, 2.8317752923192705, 0.21034417800005512, -0.322857392236479, 1.7327625029035922, -2.7022849547659775, 0.322484985133274, -2.166576019503308, 2.79946912317847, -3.123379675580605, 0.32838765953869464, -0.37417902965617617, 2.9644104358512915, 0.4031956695932666, -0.5140713870254561, -2.859884728628544, 2.8192266739298404, 0.03518692361492534, -1.278100167311125, 2.6560016619414317, -1.7574366892145254, -0.09353722556773521, 1.6419123953012638, 2.610377810486658, -1.9218549715091693, -0.4948349192270791, 0.1488336230789933, 3.0079376038400536, 2.4824557635193387, -0.21916933634020405, 2.4811686776285287, 3.1042998914011735, 0.40930826136470194, 0.4062419540671292, -3.0225497580789398, -2.9694321351556137, 0.18847052314153612, 2.619337204515031, 2.8379892724982185, -1.4505595417462567, 0.028951119875266464, 0.165019174742919, -2.988112641546784, 0.011137843652829662, -0.42463369342221186, 3.0912668989045744, -0.38594375273697445, 0.7986720604656194, -0.6779047092530155, -1.3658843607060347, 2.966624006510429, 1.2897571216258568, 0.9371857590541994, -2.0086686111898038, -2.1645336415515146, 1.473041714932962, 1.7219626389726783]","[375, 378, 381, 382, 383, 384, 385, 386, 387, 388, 389, 390, 391, 392, 393, 394, 396, 397, 398, 399, 400, 401, 402, 403, 404, 405, 406, 407, 408, 409, 410, 411, 412, 414, 415, 416, 417, 418, 419, 420, 421, 422, 423, 424, 425, 426, 427, 428, 429, 430, 431, 432, 433, 434, 435, 436, 437, 438, 439, 440, 441, 442, 443, 444, 445, 446, 447, 448, 449, 450, 451, 452, 453, 454, 455, 456, 457, 458, 459, 460, 461, 462, 463, 464, 465, 466, 467, 468, 469, 470, 471, 472, 473, 474, 475, 476, 477, 478, 479, 480, 481, 482, 483, 484, 485, 486, 487, 488, 489, 490, 491, 492, 493, 494, 495, 496, 497, 498, 499, 500, 501, 502, 503, 504, 505, 506, 507, 508, 509, 510, 511, 512, 513, 514, 515, 516, 517, 518, 519, 520, 521, 522, 523, 524, 525, 526, 527, 528, 529, 530, 531, 532, 533, 534, 535, 536, 537, 538, 539, 540, 541, 542, 543, 544, 545, 546, 547, 548, 549, 550, 551, 552, 553, 554, 555, 556, 557, 558, 559, 560, 561, 562, 563, 564, 565, 566, 567, 568, 569, 570, 571, 572, 573, 574, 575, 576, 577, 578, 579, 580, 581, 582, 583, 584, 585, 586, 587, 588, 589, 590, 591, 592, 593, 594, 595, 596, 597, 598, 599, 600, 601, 602, 603, 604, 605, 606, 607, 608, 609, 610, 611, 612, 613, 614, 615, 616, 617, 618, 619, 620, 621, 622, 623, 624, 625, 626, 627, 628, 629, 630, 631, 632, 633, 634, 635, 636, 637, 638, 639, 640, 641, 642, 643, 644, 645, 646, 647, 648, 649, 650, 651, 652, 653, 654, 655, 656, 657, 658, 659, 660, 661, 662, 663, 664, 665, 666, 667, 668, 669, 670, 671, 672, 673, 674, 675, 676, 677, 678, 679, 680, 681, 682, 683, 684, 685, 686, 687, 688, 689, 690, 691, 692, 693, 694, 695, 696, 697, 698, 699, 700, 701, 702, 703, 704, 705, 706, 707, 708, 709, 710, 711, 712, 713, 714, 715, 716, 717, 718, 719, 720, 721, 722, 723, 724, 725, 726, 727, 728, 729, 730, 731, 732, 733, 734, 735, 736, 737, 738, 739, 740, 741, 742, 743, 744, 745, 746, 747, 748, 749, 750, 751, 752, 753, 754, 755, 756, 757, 758, 759, 760, 761, 762, 763, 764, 765, 766, 767, 768, 769, 770, 771, 772, 773, 774, 775, 776, 777, 778, 779, 780, 781, 782, 783, 784, 785, 786, 787, 788, 789, 790, 791, 792, 793, 794, 795, 796, 797, 798, 799, 800, 801, 802, 803, 804, 805, 806, 807, 808, 809, 810, 811, 812, 813, 814, 815, 816, 817, 818, 819, 820, 821, 822, 823, 824, 825, 826, 827, 828, 829, 830, 831, 832, 833, 834, 835, 836, 837, 838, 839, 840, 841, 842, 843, 844, 845, 846, 847, 848, 849, 850, 851, 852, 853, 854, 855, 856, 857, 858, 859, 860, 861, 862, 863, 864, 865, 866, 867, 868, 869, 870, 871, 872, 873, 874, 875, 876, 877, 878, 879, 880, 881, 882, 883, 884, 885, 886, 887, 888, 889, 890, 891, 892, 893, 894, 895, 896, 897, 898, 899, 900, 901, 902, 903, 904, 905, 906, 907, 908, 909, 910, 911, 912, 913, 914, 915, 916, 917, 918, 919, 920, 921, 922, 923, 924, 925, 926, 927, 928, 929, 930]"
221,892.9309283232675,437,"[-0.4511224804367725, 0, -0.07876128824551024, -0.3956884095293846, -2.703804044133895, -2.7193696831681846, -0.7167114982717833, 0.001654624816780593, 3.0838112055635287, -1.5281534358149849, -0.20308793180482923, -2.6280810322654666, -2.9211184320316734, 0.888867233162902, 0.13281134545059944, -2.0564006045472785, -2.9375787541207434, 0.008350600628071083, -0.40480093296293124, 3.025606553473379, -0.3802810615417573, 1.1340489870896562, -0.3341416752397397, 3.1218926774837925, 1.5466595750124514, -0.3905989603277891, -2.676333018333948, 3.0755450776057773, -0.23509597787647288, -0.6187833651712323, -3.1248789723936463, 2.929650908667911, -0.44968961857278056, -0.34577776042260555, 3.059173220516371, -2.9511818570624015, -0.3929215206455467, -0.9899948048278131, -2.9249647408928343, 0.9964033691994766, -0.49765830888275725, -3.13619704992548, 3.0129564101211996, -0.328210788623661, -0.1285716032482427, -3.0462504801664734, 2.5892267059997573, -0.5591127041758645, -1.0185443361183428, 2.8467459483100526, -1.8253530318743314, -0.15314835286733064, -2.3083751937163486, 2.959793587083944, -0.5229462911692123, -0.36098143176313907, 3.0813557801360467, -2.595305767687941, -0.42554739072187603, 0.4168510220834636, -3.038135265611824, -3.092050112949623, -0.753584662133395, -0.4184067721379985, 3.070608650727219, -1.6109741463553666, -0.44593001932067583, -2.6898888504819483, 2.9053001810397268, -0.43842565641041625, -0.3376024985517624, -3.120516642850829, 3.079391965429363, -0.5205293876132794, 0.7035860012478767, -2.836118099438408, 2.9951599591662172, -0.679655367203887, -2.046812064279658, 2.9553587524464184, 2.3625103396581904, -0.3106033096138786, -2.5516038722280876, 2.9890923157085765, 0.13631277200813552, -0.6009673980742708, -2.913030252838431, 3.0662745093126635, -0.5010524785495635, -0.9470862109604449, -3.0040722042416497, 2.9952822310985394, -0.3809548308181348, -1.8444837996264432, -2.8233700888054853, 1.0862670749246326, -0.37470179963410827, 3.130280771616214, -3.1318412483845526, -0.5239879933849285, -0.502629609974742, -3.080192842163372, 2.865050282675738, -0.42636365005617144, -1.8456365332262692, 3.1183837017489946, 2.489540963065271, -0.5907254258458713, -2.4231724931239067, 3.089327421439424, -0.8080465258097238, -0.5967046011277444, -2.9034588907820944, 3.035407261416894, -0.11994732472297125, -0.5372471646343908, 3.019815992681063, 2.6111087089891463, -0.7035749577214527, -0.30207747901793414, 3.0658732435748997, 2.2514940247079966, -0.7567753220580743, -2.308291336543323, -2.834988789874392, 1.1599719654110254, -0.3741529776985919, -3.069260339342825, 2.9476290267170215, -0.46337793647032705, -0.13058881063320033, -3.065265026895914, 2.8346753511705827, -0.42140777139379215, -1.884511429391748, 2.9042628325190334, 0.05089724622757838, -0.5178893496534464, -2.897878092242314, 2.818155483749656, -0.14521792640279593, -0.4820718591947354, 2.9436099480137985, 3.057166370317315, -0.3365199089928865, -0.7978095441054216, 3.057258081877079, 2.0922350552867925, -0.4623262390491805, -0.8755298784287349, 3.1237505470985276, -0.016282589957435752, -0.41424452154374836, -3.0581234549261325, 2.987159794019758, -0.2953350843835584, -1.3866590591122478, 2.788851143314986, 2.920959661194533, -0.4231429483686679, -2.4709488504499566, 2.9905213798498296, -2.680329997198291, -0.49411582479779903, 2.7788440529909697, -3.0948515142101773, -1.821257539943094, -0.24473120553538227, -2.9955749372914755, -3.0176799028997805, -0.2809758750458153, -0.8915906834182589, -3.0201992057236624, 2.8641951474052996, -0.6483922691954004, -1.0633393402041862, 2.8619808040428194, -1.690152744733196, -0.5895848405878554, 3.0046802288026386, 2.8309425633401095, -0.4398132404404726, -1.3989102572021834, 2.9237205144607823, 2.878351698516957, -0.364809263277316, 2.899259437068401, -3.044733766209545, 2.467200024992693, -0.5349036363983863, -1.1573543479925452, 2.9744639642012283, 0.12633733496266963, -0.7986122430270302, -3.0296180086919358, 3.016209663475706, -0.5426162619550554, -0.6640429643748186, 3.0450353910403662, 2.8987667018144894, -0.6000537676830767, 2.0172199360460676, -3.1360316525889567, -0.09260814775552012, -0.5168852428700907, 3.0521225381569246, -3.0079412692086005, -0.6273202111052109, -1.0655712345289998, 2.9164225617837967, 3.032340365416548, -0.3646948582333013, -1.5840608343087967, 3.037829897427577, -0.4527310635168062, -0.7300416442303476, -2.644960739491624, 2.875834832791798, -0.327922060427772, -0.738144155421428, 2.8757296860540142, 3.0144572485599594, -0.5927525370526876, -0.8085797459725736, 2.801353218669697, -2.629736683759902, -0.4405343382450091, -3.082214507741081, -2.680942485085136, 1.7087943150279838, -0.5343065605965099, 2.9878844189456992, 2.9553630525422134, -0.7983065016904339, 0.002297908152063718, -3.0889966580411623, 2.3967583686839062, -0.4058239775913783, -2.47078353793372, 2.6180920130492935, -2.433204000424535, -0.47569188040405985, -2.9874667221904163, 2.955679621526372, -0.18348498581369635, -0.22938346858863898, -3.1309247342684543, 2.945611518815493, -0.4628041713933859, -0.6234318506955601, -3.0903521235121283, 2.508751533150227, -0.5342897336303074, -0.8056009903847561, 3.0024923315853997, -0.07969646461424645, -0.7618092175763302, 3.1207086762088614, 2.8502124067416323, -0.7358625129887999, -0.9180331511686859, 3.06050245523588, -3.031295965555739, -0.6274583779704038, -2.1934625979621565, 2.7891656068547124, -0.42560801242956, -0.932762563257623, -2.3861530238858535, 2.5343949291951806, -0.4593143638609102, -1.237772454904918, 2.9176374807287986, 3.112851492384476, -0.724852758739069, -1.625894663099376, 3.004252416713021, -2.4340354740104204, -1.0143994869947188, -2.9275965572164546, 2.8046898812006993, -2.2057420175684697, -0.6812744147416588, 3.0676533663197754, 2.82555798950063, -0.5328710782227826, -1.180298151249729, -3.140531914099066, 2.119127745893956, -0.7888932842936344, -2.38663671380119, 2.801566329287045, -2.429124584384447, -0.7054054007886766, -2.6394233732056755, 2.4521287167947166, -1.1942263738238903, -0.9557449398860333, 2.968578683138114, 2.6812960966898394, -1.0321397508431231, -1.2440444068859873, 3.13763489955656, 2.4975341293946003, -0.8392496237031655, -1.6049497383018427, 2.7383916493443565, 2.17401637343489, -0.7160800499453988, 2.7454162531676016, 2.943264665632544, -0.2707794214457968, -1.1961990368658064, -3.130726464313634, 2.602100671494595, -0.5307249427245605, -2.553731182661725, 2.7270063781399445, -2.8962152121362474, -0.6806845545795429, -2.3742632605244087, 2.754022396912745, -1.6803800103275455, -0.9207730518746101, -2.49764043887114, 2.789860141296766, -0.289161819526124, -1.2951165614968891, -2.708704904240203, 2.765743685062767, -0.9441164820409439, -1.9017758298679863, 2.9988603215941465, 2.9110297774998615, -0.8580892873077967, -1.9224418594079276, 3.0226053736580925, -0.8180633654785698, -1.1055916508949162, 2.806368732379063, 2.921457599220779, -0.5265641826189693, -1.8866742626021866, 2.950924585453728, 2.797842689045928, -0.6392514358164625, -2.568891532029716, 2.7596153241710315, -2.7870912591247397, -0.33099148406691853, -2.5377149265318555, 2.7249858198466406, -0.06816028958485822, -0.7959804423583466, -2.9274726213171336, 2.888878076585734, -0.9497073479112953, -0.7610226604999177, 3.1339874644596, -3.122852149626786, -0.49134406508465367, -1.842101301892453, -3.0479985448895333, -0.7372657724183228, -0.7542387724335409, -3.0811256742812683, 2.5081168884267413, -0.37807828135135596, -1.0395111268897352, 2.9821186220121674, 3.0081648400639467, -0.42461144100648623, -2.322326172759902, 2.8694444606086122, -2.9025315446690105, -0.6998835119184598, -2.5190508203783537, 2.894962952704185, -2.77910646155336, -0.7842877448796443, 3.0896712421195547, 2.9505886212031895, -0.41158182076613725, -1.4100092673398994, 2.730364113815512, 2.8603191155171683, -0.537136302524639, -2.7417419956053153, 2.808489817972313, -0.5960074172906564, -0.6717485848191335, -2.962449434936139, -2.9708868000757294, -0.5123640449208188, -1.1986701663123709, -2.8166765650508085, 2.9682672678120916, -0.36767965170265454, -2.5253419225056253, 3.0427312008674696, 0.18276062266045293, -0.6848884208831968, -2.807546908579279, 3.0557744572018564, -0.6783321090536975, -1.076770406306758, -2.4332342554483, 2.8503526170782085, -0.4978851757923367, -0.9617275277820201, -3.0305812926778777, 2.901181418119694, -0.754813555117483, -2.8025299124039074, -2.6586507419580405, 2.7407961657845714, -0.6895715353910808, 3.040890430848398, 2.917162673479167, -0.08345167387396885, -0.8008846573389672, -3.0634773260920456, -2.9173191798294886, -0.7012166723037621, -1.9046657235049727, 3.0595813171088215, -0.35278087773968886, 0.17258486538784562, 3.0959713376454543, 2.810824862054709, 2.653929613389981, 1.4460616191786526, -1.7984105864470938, -2.228094667517145, -1.5921913482830956, 1.038601205720886, -2.0330932411571547]","[492, 493, 496, 497, 498, 499, 500, 501, 502, 503, 504, 505, 506, 507, 508, 509, 510, 511, 512, 513, 514, 515, 516, 517, 518, 519, 520, 521, 522, 523, 524, 525, 526, 527, 528, 529, 530, 531, 532, 533, 534, 535, 536, 537, 538, 539, 540, 541, 542, 543, 544, 545, 546, 547, 548, 549, 550, 551, 552, 553, 554, 555, 556, 557, 558, 559, 560, 561, 562, 563, 564, 565, 566, 567, 568, 569, 570, 571, 572, 573, 574, 575, 576, 577, 578, 579, 580, 581, 582, 583, 584, 585, 586, 587, 588, 589, 590, 591, 592, 593, 594, 595, 596, 597, 598, 599, 600, 601, 602, 603, 604, 605, 606, 607, 608, 609, 610, 611, 612, 613, 614, 615, 616, 617, 618, 619, 620, 621, 622, 623, 624, 625, 626, 627, 628, 629, 630, 631, 632, 633, 634, 635, 636, 637, 638, 639, 640, 641, 642, 643, 644, 645, 646, 647, 648, 649, 650, 651, 652, 653, 654, 655, 656, 657, 658, 659, 660, 661, 662, 663, 664, 665, 666, 667, 668, 669, 670, 671, 672, 673, 674, 675, 676, 677, 678, 679, 680, 681, 682, 683, 684, 685, 686, 687, 688, 689, 690, 691, 692, 693, 694, 695, 696, 697, 698, 699, 700, 701, 702, 703, 704, 705, 706, 707, 708, 709, 710, 711, 712, 713, 714, 715, 716, 717, 718, 719, 720, 721, 722, 723, 724, 725, 726, 727, 728, 729, 730, 731, 732, 733, 734, 735, 736, 737, 738, 739, 740, 741, 742, 743, 744, 745, 746, 747, 748, 749, 750, 751, 752, 753, 754, 755, 756, 757, 758, 759, 760, 761, 762, 763, 764, 765, 766, 767, 768, 769, 770, 771, 772, 773, 774, 775, 776, 777, 778, 779, 780, 781, 782, 783, 784, 785, 786, 787, 788, 789, 790, 791, 792, 793, 794, 795, 796, 797, 798, 799, 800, 801, 802, 803, 804, 805, 806, 807, 808, 809, 810, 811, 812, 813, 814, 815, 816, 817, 818, 819, 820, 821, 822, 823, 824, 825, 826, 827, 828, 829, 830, 831, 832, 833, 834, 835, 836, 837, 838, 839, 840, 841, 842, 843, 844, 845, 846, 847, 848, 849, 850, 851, 852, 853, 854, 855, 856, 857, 858, 859, 860, 861, 862, 863, 864, 865, 866, 867, 868, 869, 870, 871, 872, 873, 874, 875, 876, 877, 878, 879, 880, 881, 882, 883, 884, 885, 886, 887, 888, 889, 890, 891, 892, 893, 894, 895, 896, 897, 898, 899, 900, 901, 902, 903, 904, 905, 906, 907, 908, 909, 910, 911, 912, 913, 914, 915, 916, 917, 918, 919, 920, 921, 922, 923, 924, 925, 926, 927, 928, 929, 930]"
